(5745109, 5745109)
(5745170, 6121888)
(5745499, 6116441)
(5745576, 6116441)
(5747140, 5747144)
(5747144, 5747144)
(5747210, 6129800)
(5747338, 6121888)
(5747347, 6116441)
(5747571, 5747571)
(5747572, 5747572)
(5747579, 5747579)
(5747594, 5747594)
(5758679, 5758679)
(5760468, 5760468)
(5760602, 5595110)
(5760746, 5760746)
(5761721, 5761721)
(5763247, 5763247)
(5791505, 5791505)
(5791510, 5791510)
(5791511, 5791511)
(5791527, 5791527)
(5791532, 5791532)
(5791543, 5791543)
(5791545, 5791545)
(5791562, 5791562)
(5791569, 5791569)
(5791570, 5791570)
(5791574, 5791574)
(5791579, 5791579)
(5791580, 5791580)
(5791585, 5791585)
(5791592, 5791592)
(5791749, 5791749)
(5791760, 5791760)
(5791787, 5791787)
(5791848, 5791848)
(5791893, 5791893)
(5791935, 5791935)
(5791938, 5791938)
(5792237, 5792237)
(5792246, 5792246)
(5792286, 5792286)
(5792563, 6047539)
(5792573, 5386287)
(5793142, 5793142)
(5798473, 5798473)
(5803227, 5803227)
(5807828, 5807828)
(5808062, 5808264)
(5808264, 5808264)
(5808411, 5619335)
(5811437, 5811437)
(5811440, 5811440)
(5811442, 5811442)
(5811624, 5811636)
(5811755, 5811755)
(5827302, 5827302)
(5827336, 5827336)
(5829731, 5631685)
(5836365, 5836365)
(5836388, 5836388)
(5841105, 5841059)
(5841443, 5841443)
(5842701, 5747144)
(5844092, 5844092)
(5855350, 5855350)
(5856046, 5856046)
(5861309, 5642601)
(5861701, 6047479)
(5870209, 5870209)
(5870259, 5870259)
(5871840, 5836365)
(5876091, 6026969)
(5876128, 5872353)
(5882936, 5882936)
(5883603, 6153613)
(5883610, 5883610)
(5883616, 5883610)
(5885178, 5885178)
(5890812, 5890812)
(5896550, 6047483)
(5896575, 5896575)
(5896618, 5896618)
(5897177, 5897177)
(5897186, 5897186)
(5897187, 5897187)
(5897202, 5897202)
(5897207, 5897207)
(5913079, 5913079)
(5913103, 5913103)
(5916773, 6194705)
(5916777, 5916787)
(5916788, 5916787)
(5916859, 6121074)
(5931602, 5670096)
(5933266, 6047396)
(5933815, 5168327)
(5938022, 5938022)
(5938056, 5938056)
(5938058, 5938058)
(5938067, 5938067)
(5938110, 5938110)
(5938126, 5938126)
(5938128, 5938128)
(5938153, 5938153)
(5939023, 5939023)
(5939033, 5939033)
(5939245, 5808221)
(5940448, 5940448)
(5940493, 5940493)
(5940495, 5940495)
(5940521, 5940521)
(5940530, 5940530)
(5940531, 5940531)
(5940586, 6114957)
(5940591, 6153603)
(5940597, 6153603)
(5941116, 6047393)
(5941650, 5941650)
(5941652, 5941652)
(5947253, 6073428)
(5947692, 5947692)
(5965082, 5965082)
(5970303, 5940448)
(5974659, 5974659)
(5985821, 5985821)
(5986183, 5986183)
(5987723, 5987723)
(5987730, 5987730)
(5990119, 5990119)
(5990123, 5990123)
(5990129, 5990129)
(5990925, 5990925)
(5992200, 5992200)
(5992220, 5992220)
(5993845, 5993845)
(5994988, 5994988)
(6035237, 6168312)
(6046040, 6139998)
(6048294, 6048232)
(6063630, 6063610)
(6063634, 6063610)
(6063675, 6063610)
(6063698, 6063610)
(6064964, 6186599)
(6065265, 6186599)
(6068733, 6068733)
(6073072, 6016600)
(6079357, 6016600)
(6079557, 6415715)
(6079609, 5891298)
(6080014, 6016600)
(6080078, 6016600)
(6080932, 5891309)
(6085371, 6081605)
(6085444, 6084962)
(6086278, 6298055)
(6086323, 6298060)
(6091540, 6085308)
(6101258, 6363815)
(6102452, 6032455)
(6105279, 6112168)
(6105290, 6112168)
(6107251, 6139996)
(6116127, 6081605)
(6116621, 5985595)
(6116707, 6142247)
(6121518, 5009034)
(6124471, 6040145)
(6203208, 6086355)
(6203212, 6086355)
(6203213, 6086355)
(6203218, 6048031)
(6203228, 6168251)
(6203229, 6168251)
(6209015, 6209042)
(6209016, 6209042)
(6209018, 6209042)
(6293416, 6290805)
(6297519, 6297133)
(6297927, 6297092)
(6298480, 6297920)
(6298487, 6297919)
(6298780, 6298782)
(6305640, 6173431)
(6305644, 6270876)
(6311002, 6309464)
(6312066, 6326236)
(6312251, 6340819)
(6317308, 6323920)
(6317311, 6323921)
(6321055, 6391517)
(6321149, 6320437)
(6321231, 6320437)
(6321834, 6295103)
(6323899, 6312052)
(6323955, 6290805)
(6325282, 6324285)
(6001691, 6040354)
(6001695, 6040358)
(6001700, 6002254)
(6002215, 6002215)
(6002223, 6002223)
(6002228, 6002228)
(6002250, 6002250)
(6008426, 6008426)
(6022159, 6022170)
(6022166, 6022170)
(6022174, 6022170)
(6022182, 6022170)
(6025305, 6025305)
(6028086, 6028086)
(6028087, 6028087)
(6028140, 6028140)
(6028464, 6028464)
(6035331, 6035331)
(6041584, 6041584)
(6041773, 6041773)
(6041774, 6041774)
(6041775, 6041775)
(6041783, 6041783)
(6041785, 6041785)
(6041787, 6041787)
(6041788, 6041788)
(6041800, 6041800)
(6041809, 6041809)
(6041812, 6041812)
(6041824, 6041824)
(6041826, 6041826)
(6041827, 6041827)
(6041829, 6041829)
(6041831, 6041831)
(6041835, 6041835)
(6042029, 6042029)
(6042040, 6042040)
(6042067, 6042067)
(6042071, 6042071)
(6042076, 6042076)
(6045853, 6045853)
(6046060, 6046060)
(6047383, 5664168)
(6047386, 5670096)
(6047477, 6047477)
(6047478, 6047478)
(6047481, 6047481)
(6047489, 5662683)
(6047503, 5600869)
(6047509, 5631682)
(6047511, 5631685)
(6047517, 5642600)
(6047530, 5602202)
(6047536, 5619329)
(6047544, 5619337)
(6058729, 6058729)
(6062234, 6062234)
(6062685, 6062685)
(6062777, 6062777)
(6062905, 6062905)
(6068535, 6068535)
(6072648, 6072648)
(6073982, 6073982)
(6079526, 6079526)
(6080760, 6080760)
(6081051, 6081051)
(6081054, 6081054)
(6081062, 6081062)
(6083483, 6083483)
(6084372, 6084372)
(6084381, 6084381)
(6102287, 6102287)
(6105278, 6105278)
(6106169, 6106169)
(6108975, 6108975)
(6109165, 6109165)
(6109345, 6109345)
(6114236, 6114236)
(6116165, 6116165)
(6116171, 6116171)
(6116381, 6116441)
(6116395, 6121859)
(6116423, 6116441)
(6116429, 6121859)
(6116458, 6116441)
(6116459, 6121859)
(6116465, 6116441)
(6116484, 6121888)
(6116487, 6121859)
(6116492, 6121859)
(6116494, 6121859)
(6116558, 6116558)
(6118860, 6118860)
(6118876, 6118876)
(6118965, 6118965)
(6118969, 6118969)
(6118970, 6118975)
(6118979, 6116551)
(6119168, 6119168)
(6121174, 6121174)
(6121294, 6121293)
(6121313, 6121313)
(6121766, 6121766)
(6121835, 6116441)
(6121836, 6121888)
(6121848, 6116441)
(6121858, 6121859)
(6121862, 6121859)
(6121869, 6121888)
(6121872, 6121889)
(6121886, 6121859)
(6125322, 5747482)
(6125352, 5747482)
(6125355, 5747482)
(6125403, 6125407)
(6125404, 6125395)
(6125408, 6125409)
(6125417, 6125393)
(6125420, 6125420)
(6125715, 6125715)
(6127427, 6118889)
(6130535, 6130535)
(6130560, 6130535)
(6140378, 6140378)
(6140433, 6140433)
(6140435, 6140397)
(6140470, 6143216)
(6140475, 6140397)
(6140491, 6140491)
(6140495, 6140495)
(6140540, 6140540)
(6140567, 6140567)
(6140570, 6140570)
(6142064, 6142064)
(6142217, 6116938)
(6143164, 6143164)
(6143169, 6143169)
(6143175, 6143175)
(6143262, 6143262)
(6143271, 6143272)
(6143307, 6143307)
(6143309, 6143309)
(6143316, 6143316)
(6143320, 6143311)
(6147219, 6147219)
(6147229, 6147229)
(6147274, 6147274)
(6147275, 6147275)
(6147293, 6147293)
(6147294, 6147294)
(6147340, 6147340)
(6153350, 6153350)
(6153888, 6153888)
(6154101, 6154101)
(6154473, 6154484)
(6154475, 6154481)
(6154476, 6154484)
(6154479, 6154484)
(6154484, 6154484)
(6154938, 6154938)
(6154940, 6154940)
(6155095, 5386264)
(6155096, 5386266)
(6159933, 6159933)
(6160008, 6118891)
(6160877, 6160877)
(6160882, 6160880)
(6160885, 6160885)
(6166871, 6166871)
(6167246, 6167246)
(6183677, 6183677)
(6189353, 6118872)
(6189354, 6118873)
(6189358, 6118871)
(6189360, 6118870)
(6189361, 6118869)
(6190319, 6190319)
(6190354, 6190354)
(6190355, 6190354)
(6190357, 6190354)
(6195139, 6190354)
(6202242, 6202242)
(6202262, 6202262)
(6202267, 6202267)
(6203084, 6203084)
(6203867, 6373326)
(6205919, 6205919)
(6206301, 6206301)
(6207963, 6207963)
(6208877, 6208877)
(6211244, 6211244)
(6211299, 6211299)
(6211680, 6211660)
(6211698, 6211660)
(6211731, 6211731)
(6211755, 6211660)
(6211757, 6211660)
(6211946, 6211946)
(6212057, 6212057)
(6212058, 6212058)
(6212127, 6212127)
(6212232, 6212232)
(6212241, 6212241)
(6212295, 6212295)
(6212305, 6212305)
(6212307, 6212307)
(6212308, 6212308)
(6214655, 6214655)
(6219591, 6219591)
(6220268, 6220268)
(6220359, 6220359)
(6220687, 6220687)
(6221587, 6221587)
(6222322, 6222322)
(6227162, 6227162)
(6227163, 6227163)
(6228557, 6228557)
(6228563, 6228563)
(6231837, 6231837)
(6232336, 6232336)
(6232342, 6232342)
(6232345, 6232345)
(6232824, 6232824)
(6236322, 6212120)
(6236329, 6206885)
(6236337, 6212058)
(6241398, 6241398)
(6245300, 6245300)
(6273323, 6273323)
(6274213, 6274213)
(6276718, 6276719)
(6279592, 6279592)
(6281810, 6281810)
(6281995, 6281995)
(6282102, 6282102)
(6282375, 6282375)
(6282504, 6282504)
(6282514, 6282514)
(6282764, 6282764)
(6282823, 6282823)
(6282845, 6282845)
(6282868, 6282868)
(6282872, 6282872)
(6282918, 6282918)
(6282926, 6282926)
(6284764, 6284764)
(6285272, 6285272)
(6288044, 6288044)
(6288238, 6288238)
(6293787, 6293824)
(6293824, 6293824)
(6294059, 6294059)
(6294122, 6294122)
(6294123, 6294123)
(6294124, 6294124)
(6294126, 6294126)
(6294446, 6294446)
(6295172, 6295172)
(6295175, 6295175)
(6295707, 6373326)
(6297112, 6297112)
(6297753, 6297753)
(6303386, 6303385)
(6307395, 6307395)
(6312032, 6312032)
(6312035, 6312035)
(6313214, 6313214)
(6315598, 6315598)
(6316365, 6316365)
(6317195, 6317195)
(6318384, 6318386)
(6318411, 6318386)
(6318412, 6318386)
(6318413, 6318386)
(6318415, 6318386)
(6321422, 6321422)
(6323750, 6323750)
(6323754, 6323754)
(6323765, 6323765)
(6332170, 6332170)
(6346787, 6346787)
(6347908, 6168038)
(6347909, 6168067)
(6347911, 6168038)
(6347914, 6168042)
(6347978, 6347978)
(6349372, 6349372)
(6351874, 6351874)
(6353117, 6353117)
(6353128, 6353128)
(6353131, 6404363)
(6353134, 6353134)
(6353136, 6404360)
(6353142, 6353142)
(6353182, 6353182)
(6353184, 6408004)
(6353187, 6353187)
(6354622, 6377605)
(6358059, 6358059)
(6358601, 6358601)
(6362038, 6362038)
(6366262, 6366262)
(6367499, 6367499)
(6377397, 6408015)
(6377399, 6408494)
(6377407, 6377407)
(6388078, 6388078)
(6389268, 6389268)
(6390306, 6390306)
(6390307, 6390307)
(6390310, 6390310)
(6390312, 6390312)
(6393766, 6393766)
(6403915, 6403915)
(6404011, 6404011)
(6404266, 6353134)
(6404269, 6404269)
(6404273, 6353122)
(6404286, 6404286)
(6404289, 6404289)
(6404292, 6353197)
(6404360, 6353136)
(6404366, 6353128)
(6408010, 6408010)
(6408492, 6408492)
(6408496, 6408496)
(6408501, 6353148)
(6410722, 6410722)
(6412904, 6410509)
(6417258, 6417258)
(6417299, 6417299)
(6417360, 6417360)
(6417495, 6417495)
(6418264, 6418264)
(6419512, 6419512)
(6420806, 6420806)
(6420829, 6420829)
(6428559, 6417258)
(6428876, 6428876)
(6436214, 6417360)
(6001685, 6002224)
(6001697, 6002250)
(6001698, 6002252)
(6001754, 6002216)
(6001758, 6002219)
(6002253, 6002253)
(6002254, 6002254)
(6021877, 6021877)
(6022165, 6022168)
(6022186, 6022170)
(6022188, 6022170)
(6028139, 6028139)
(6039844, 6039844)
(6040354, 6040354)
(6041770, 6041770)
(6041778, 6041778)
(6041781, 6041781)
(6041807, 6041807)
(6041810, 6041810)
(6041823, 6041823)
(6042069, 6042069)
(6042072, 6042072)
(6045013, 6045013)
(6045903, 6045903)
(6046680, 6046680)
(6047514, 5600870)
(6047516, 5642599)
(6061507, 6060726)
(6061602, 6061602)
(6062727, 6062727)
(6062910, 6062910)
(6062995, 5272234)
(6065381, 6065381)
(6079310, 6079302)
(6081201, 6096937)
(6083513, 6083513)
(6085871, 6085871)
(6092074, 6092074)
(6108203, 6108203)
(6109315, 6109315)
(6114851, 6114851)
(6116164, 6116163)
(6116170, 6116170)
(6116172, 6116172)
(6116371, 6121859)
(6116437, 6116441)
(6116440, 6116441)
(6116443, 6121859)
(6116460, 6116441)
(6116471, 6121859)
(6116499, 6121859)
(6116504, 6116441)
(6116549, 6116549)
(6116556, 6116556)
(6116964, 6116964)
(6118892, 6118892)
(6118955, 6348355)
(6118986, 6118986)
(6121260, 6121260)
(6121840, 6116441)
(6121857, 6121859)
(6121863, 6121859)
(6121880, 6121859)
(6121883, 6121859)
(6121889, 6121889)
(6125409, 6125409)
(6127430, 6118887)
(6130554, 6130554)
(6140383, 6140383)
(6140392, 6140392)
(6140428, 6140428)
(6140430, 6140430)
(6140444, 6140472)
(6140473, 6140473)
(6140476, 6140476)
(6140517, 6140517)
(6140519, 6140519)
(6140541, 6140541)
(6140563, 6140563)
(6142539, 6142539)
(6142584, 6142584)
(6143176, 6143176)
(6143189, 6143189)
(6143209, 6143209)
(6143272, 6143272)
(6143315, 6143315)
(6145967, 6145967)
(6146952, 6146952)
(6147238, 6147238)
(6147296, 6141970)
(6147322, 6147322)
(6147333, 6125393)
(6147341, 6125409)
(6154477, 6154484)
(6155091, 6155091)
(6155099, 6155099)
(6160010, 6118861)
(6160538, 6160538)
(6160874, 6160884)
(6180733, 6180733)
(6194909, 6208545)
(6195134, 6190354)
(6195141, 6190354)
(6201713, 6201713)
(6203077, 6203077)
(6203294, 6203294)
(6206856, 5891309)
(6208240, 6208240)
(6211277, 6211277)
(6211296, 6211296)
(6211303, 6211303)
(6211722, 6211722)
(6212120, 6212120)
(6212126, 6212126)
(6212207, 6212207)
(6212210, 6212210)
(6212218, 6212218)
(6212221, 6212221)
(6212229, 6212229)
(6212233, 6212233)
(6212271, 6212271)
(6212289, 6226015)
(6212315, 6212315)
(6220060, 6220060)
(6221597, 6221597)
(6225241, 6203206)
(6225505, 6225505)
(6226453, 6226453)
(6228555, 6228555)
(6228559, 6228559)
(6232852, 6232852)
(6234568, 6234568)
(6272876, 6272876)
(6278730, 6278730)
(6279159, 6279159)
(6282001, 6282001)
(6282851, 6282851)
(6282862, 6282862)
(6282863, 6282863)
(6282916, 6282916)
(6282925, 6282925)
(6289942, 6289942)
(6293781, 6293781)
(6293818, 6168028)
(6293828, 6293828)
(6293964, 6293964)
(6294443, 6294443)
(6294535, 6294535)
(6294560, 6293824)
(6297106, 6297106)
(6297120, 6297120)
(6310117, 6310117)
(6311777, 6311777)
(6312305, 6312305)
(6316546, 6316546)
(6317197, 6317197)
(6318385, 6318386)
(6323759, 6323759)
(6329114, 6329114)
(6346842, 6346842)
(6346998, 6346998)
(6347913, 6168039)
(6347991, 6347991)
(6348042, 6348042)
(6353132, 6353132)
(6353177, 6353177)
(6354779, 6377397)
(6354815, 6377407)
(6354816, 6408013)
(6358062, 6358062)
(6358396, 6358396)
(6362036, 6362036)
(6366258, 6366258)
(6366263, 6366263)
(6366267, 6366267)
(6377400, 6377400)
(6389610, 6389610)
(6390329, 6390329)
(6408183, 6408183)
(6408495, 6408495)
(6412900, 6410507)
(6416650, 563512)
(6432400, 6428464)
(6000715, 6000715)
(6001684, 6002223)
(6001686, 6002225)
(6001690, 6002229)
(6002216, 6002216)
(6002218, 6002218)
(6008424, 6008424)
(6021255, 6021253)
(6021260, 6021253)
(6021609, 6021253)
(6021960, 6021960)
(6022154, 6022170)
(6022156, 6022170)
(6022170, 6022170)
(6022176, 6022170)
(6022180, 6022170)
(6022185, 6022170)
(6031904, 6031904)
(6033764, 6033764)
(6035332, 6035332)
(6035457, 6035457)
(6035458, 6035458)
(6039843, 6039843)
(6041600, 6041600)
(6041753, 6001165)
(6041754, 6001165)
(6041776, 6041776)
(6041786, 6041786)
(6041814, 6041814)
(6041839, 6041839)
(6041993, 6041993)
(6041995, 6041995)
(6042005, 6042005)
(6042012, 6042012)
(6042057, 6042057)
(6042063, 6042063)
(6042082, 6042082)
(6042084, 6042084)
(6042503, 6042503)
(6047382, 5663521)
(6047384, 5663522)
(6047395, 6047395)
(6047396, 6047396)
(6047484, 5662676)
(6047485, 5662677)
(6047491, 5600874)
(6047499, 5631675)
(6047500, 5631676)
(6047527, 5602199)
(6047535, 5619328)
(6054315, 6054315)
(6062742, 6062742)
(6062761, 6062761)
(6062839, 6062839)
(6062988, 6062988)
(6062996, 5089056)
(6068542, 6068542)
(6068992, 6068992)
(6073743, 6073743)
(6074695, 6074695)
(6079318, 6079302)
(6083489, 6083489)
(6083493, 6083493)
(6083495, 6083495)
(6083514, 6083514)
(6083515, 6083515)
(6085313, 6085313)
(6101288, 6101288)
(6109319, 6109319)
(6114686, 5747565)
(6116356, 6116441)
(6116367, 6121888)
(6116372, 6121888)
(6116373, 6116441)
(6116399, 6121859)
(6116414, 6121859)
(6116418, 6121859)
(6116421, 6121888)
(6116422, 6121859)
(6116424, 6116441)
(6116438, 6121859)
(6116485, 6121888)
(6116554, 6116554)
(6118872, 6118872)
(6118873, 6118873)
(6118878, 6118878)
(6118891, 6118891)
(6118963, 6118963)
(6118981, 6118981)
(6118987, 6118987)
(6120994, 6177996)
(6121234, 5747565)
(6121843, 6121859)
(6121845, 6121859)
(6121891, 6121891)
(6121892, 6121888)
(6121893, 6121888)
(6125398, 6125409)
(6125400, 6125407)
(6125407, 6125407)
(6125415, 6125415)
(6126808, 6126808)
(6126817, 6126817)
(6130558, 6130554)
(6140452, 6140452)
(6140453, 6140453)
(6140466, 6140466)
(6140469, 6140469)
(6140484, 6140484)
(6140486, 6140486)
(6140504, 6140504)
(6140516, 6140516)
(6140530, 6140425)
(6140559, 6140559)
(6142207, 6116938)
(6142223, 6116938)
(6142557, 6142557)
(6142671, 6142671)
(6143160, 6143160)
(6143161, 6140573)
(6143194, 6143194)
(6143263, 6143263)
(6143275, 6143275)
(6143278, 6143278)
(6143311, 6143311)
(6143314, 6143314)
(6143593, 6143593)
(6146038, 6146038)
(6147288, 6147288)
(6147292, 6147292)
(6153631, 6153631)
(6154481, 6154481)
(6154800, 6154800)
(6160012, 6118892)
(6168407, 6160811)
(6180719, 6180719)
(6184928, 6184928)
(6188533, 6188533)
(6190220, 6190220)
(6190356, 6190354)
(6195135, 6190354)
(6195147, 6190354)
(6196366, 6196366)
(6200898, 6200898)
(6203072, 6203072)
(6203078, 6203078)
(6203079, 6203079)
(6203083, 6203083)
(6203085, 6203085)
(6203529, 6205921)
(6206295, 6206295)
(6206307, 6206307)
(6206425, 6206425)
(6208077, 6208077)
(6208624, 6118889)
(6211255, 6211255)
(6211256, 6211256)
(6211261, 6211261)
(6211263, 6211263)
(6211297, 6211297)
(6211660, 6211660)
(6211663, 6211660)
(6211672, 6211660)
(6211740, 6211740)
(6211748, 6211660)
(6212056, 6212056)
(6212123, 6212123)
(6212228, 6212228)
(6212237, 6212237)
(6212242, 6212242)
(6212247, 6212247)
(6212248, 6212248)
(6212263, 6212263)
(6212279, 6212279)
(6212287, 6212287)
(6212291, 6212291)
(6212292, 6212292)
(6212297, 6212297)
(6212316, 6212320)
(6220012, 6220012)
(6221310, 6221310)
(6221423, 6221423)
(6225507, 6225507)
(6226241, 6226241)
(6227160, 6227160)
(6232847, 6232847)
(6236313, 6232336)
(6236316, 6232343)
(6236323, 6212121)
(6236324, 6212122)
(6241405, 6241405)
(6253952, 6253952)
(6272889, 6272889)
(6273395, 6273395)
(6276282, 4598048)
(6276654, 6276654)
(6277996, 6277996)
(6282767, 6282767)
(6282769, 6282769)
(6282850, 6282850)
(6282857, 6282857)
(6282866, 6282866)
(6282933, 6282933)
(6282935, 6282935)
(6282938, 6282938)
(6286971, 6286971)
(6287316, 6287316)
(6288217, 6373326)
(6293795, 6320649)
(6294119, 6294119)
(6294217, 6294217)
(6294441, 6294470)
(6294539, 6294539)
(6295169, 6295169)
(6297098, 6297098)
(6297103, 6297103)
(6297111, 6297111)
(6310118, 6310118)
(6310119, 6310119)
(6312020, 6312020)
(6312059, 6312059)
(6312306, 6312306)
(6316471, 6316471)
(6318041, 6286969)
(6318363, 6318386)
(6318364, 6318386)
(6318367, 6318386)
(6318379, 6318386)
(6318408, 6318386)
(6320649, 6320649)
(6323746, 6323746)
(6323764, 6317200)
(6323766, 6317200)
(6324327, 6324327)
(6333425, 6333425)
(6346826, 6346826)
(6347893, 6347893)
(6347905, 6347905)
(6347915, 6168040)
(6347916, 6168031)
(6347990, 6347990)
(6348142, 6347905)
(6353124, 6353124)
(6353180, 6353180)
(6353189, 6404293)
(6353329, 6353329)
(6354792, 6377397)
(6354891, 6408499)
(6358588, 6358588)
(6358589, 6347982)
(6362046, 6362046)
(6363219, 6331576)
(6366257, 6366257)
(6366265, 6366265)
(6377402, 6377402)
(6377605, 6408495)
(6390300, 6390300)
(6396452, 6396452)
(6396730, 6396730)
(6396740, 6396740)
(6397298, 6397298)
(6397458, 6397458)
(6400407, 6400407)
(6404264, 6404264)
(6404295, 6404295)
(6404361, 6353133)
(6408000, 6408000)
(6408497, 6408497)
(6415312, 6415312)
(6415319, 6415319)
(6419895, 6419895)
(6422115, 6422115)
(6423433, 6423433)
(6425814, 6424941)
(678330, 678330)
(678336, 678336)
(6001687, 6002227)
(6001693, 6040356)
(6001759, 6002220)
(6002219, 6002219)
(6002255, 6002255)
(6021959, 6021959)
(6022157, 6022170)
(6022167, 6022168)
(6022169, 6022170)
(6022171, 6022168)
(6022183, 6022170)
(6028141, 6028141)
(6028147, 6028147)
(6028462, 6028462)
(6040355, 6040355)
(6041436, 6041436)
(6041602, 6041602)
(6041813, 6041813)
(6041838, 6041838)
(6042002, 6042002)
(6042025, 6042025)
(6042053, 6042053)
(6042075, 6042075)
(6042080, 6042080)
(6045844, 6045844)
(6045883, 6045883)
(6047388, 5670097)
(6047393, 6047393)
(6047394, 6047394)
(6047476, 6047476)
(6047501, 5631677)
(6047512, 5631684)
(6047515, 5642598)
(6047518, 5642602)
(6047531, 5619323)
(6047540, 5619334)
(6061606, 6061606)
(6062810, 6062810)
(6062931, 6062931)
(6068538, 6068542)
(6068541, 6068542)
(6080518, 6080518)
(6081057, 6081057)
(6083485, 6083485)
(6083497, 6083497)
(6083499, 6083499)
(6083500, 6083500)
(6083503, 6083503)
(6084382, 6084382)
(6101340, 6101340)
(6106786, 6106786)
(6108371, 6108371)
(6109273, 6228298)
(6114784, 6114784)
(6114865, 6114865)
(6116041, 6116041)
(6116362, 6121859)
(6116370, 6121888)
(6116405, 6121859)
(6116407, 6121859)
(6116455, 6116441)
(6116469, 6121859)
(6116475, 6121859)
(6116493, 6121859)
(6116548, 6116551)
(6116551, 6116551)
(6116567, 6116567)
(6116963, 6116963)
(6116967, 6116967)
(6118804, 6118804)
(6118863, 6118863)
(6118865, 6118865)
(6118880, 6118880)
(6118967, 6118969)
(6118968, 6118969)
(6118974, 6118974)
(6118976, 6118976)
(6121298, 6121298)
(6121837, 6116441)
(6121841, 6116441)
(6121842, 6121859)
(6121851, 6121888)
(6121854, 6116441)
(6121861, 6121859)
(6121890, 6121859)
(6125397, 6125419)
(6125416, 6125415)
(6126368, 6118869)
(6126816, 6126816)
(6127428, 6118892)
(6127491, 6127491)
(6140396, 6140396)
(6140397, 6140397)
(6140437, 6140437)
(6140443, 6140443)
(6140488, 6140472)
(6140502, 6140502)
(6140514, 6140514)
(6140537, 6140537)
(6142524, 6142042)
(6142530, 6142530)
(6142579, 6142579)
(6143156, 6143156)
(6143172, 6143172)
(6143191, 6143191)
(6143198, 6143198)
(6143201, 6143201)
(6143202, 6143202)
(6143215, 6143311)
(6143269, 6143269)
(6143270, 6143270)
(6143279, 6143279)
(6143280, 6143280)
(6143282, 6143282)
(6143285, 6143285)
(6143312, 6143312)
(6147244, 6147244)
(6147272, 6147272)
(6147298, 6147298)
(6147339, 6125409)
(6147348, 6147348)
(6147356, 6147356)
(6147396, 6147396)
(6147397, 6147397)
(6147414, 6147414)
(6147427, 6147427)
(6147778, 6147778)
(6148895, 6148895)
(6148969, 6148969)
(6153294, 6028086)
(6153503, 6061602)
(6155092, 6155092)
(6155093, 5386263)
(6155097, 5386269)
(6159958, 6226246)
(6160009, 6118893)
(6160873, 6160879)
(6160879, 6160879)
(6160880, 6160880)
(6160888, 6160888)
(6166869, 6166869)
(6167249, 6167249)
(6183880, 6183880)
(6187418, 6202245)
(6189355, 6118863)
(6190221, 6190221)
(6190322, 6190322)
(6190353, 6190354)
(6195146, 6190354)
(6195148, 6190354)
(6195149, 6190354)
(6195150, 6195150)
(6201959, 6201959)
(6202245, 6202245)
(6202246, 6202246)
(6202256, 6202256)
(6202265, 6202265)
(6202621, 6202621)
(6203081, 6203081)
(6206308, 6206308)
(6211249, 6211249)
(6211250, 6211250)
(6211288, 6211288)
(6211298, 6211298)
(6211301, 6211301)
(6211727, 6211722)
(6211735, 6211735)
(6212118, 6212118)
(6212119, 6212119)
(6212211, 6212211)
(6212215, 6212215)
(6212226, 6212226)
(6212249, 6212249)
(6212261, 6212261)
(6212272, 6212272)
(6212298, 6212298)
(6212300, 6212300)
(6212301, 6212301)
(6212303, 6212303)
(6212310, 6226015)
(6219725, 6219725)
(6221409, 6221409)
(6227161, 6227161)
(6228222, 6190354)
(6228553, 6228553)
(6232850, 6232850)
(6236315, 6232342)
(6236320, 6212118)
(6236325, 6212123)
(6241399, 6241399)
(6273593, 6183635)
(6276719, 6276719)
(6276720, 6276720)
(6281729, 6281729)
(6281994, 6281995)
(6282854, 6282854)
(6282915, 6282915)
(6282931, 6282931)
(6282937, 6282937)
(6282939, 6282939)
(6282941, 6282941)
(6282946, 6282946)
(6282953, 6282953)
(6283641, 6283641)
(6286925, 6286925)
(6292809, 5478889)
(6294120, 6294120)
(6294211, 6294211)
(6294213, 6294213)
(6294215, 6294215)
(6294470, 6294470)
(6294531, 6294531)
(6294536, 6294536)
(6297108, 6297108)
(6297114, 6297114)
(6297118, 6297118)
(6306929, 6306929)
(6309992, 6309992)
(6311140, 6311140)
(6311376, 6311376)
(6312307, 6312307)
(6316593, 6316593)
(6317193, 6317202)
(6317198, 6317198)
(6317199, 6317199)
(6317379, 6373326)
(6318362, 6318386)
(6318377, 6318386)
(6323749, 6323749)
(6332156, 6332156)
(6333645, 6333645)
(6346812, 6346812)
(6346815, 6346815)
(6346902, 6346902)
(6347423, 6347423)
(6347980, 6347980)
(6347983, 6347983)
(6347984, 6347984)
(6353123, 6353123)
(6353129, 6353129)
(6353148, 6353148)
(6353190, 6353190)
(6354621, 6408492)
(6354793, 6377398)
(6354853, 6377402)
(6358380, 6358380)
(6359967, 6359967)
(6377406, 6408013)
(6382188, 6382188)
(6383149, 6332170)
(6390298, 6390298)
(6390303, 6390303)
(6403799, 6403799)
(6404288, 6404288)
(6406012, 6440863)
(6408013, 6408013)
(6410030, 6410030)
(6411580, 6411580)
(6412902, 6410507)
(6414826, 6414826)
(6415275, 6353187)
(6415332, 6415332)
(6415714, 6415714)
(6417351, 6398256)
(6420222, 6420222)
(6420705, 6420705)
(6421807, 6421807)
(6435528, 6435528)
(6435542, 6435542)
(678332, 678332)
(6001692, 6040355)
(6001702, 6002256)
(6001703, 6002257)
(6003167, 6003167)
(6003169, 6003169)
(6021252, 6021252)
(6022168, 6022168)
(6022177, 6022170)
(6022179, 6022170)
(6022187, 6022168)
(6028463, 6028463)
(6028465, 6028465)
(6035328, 6035328)
(6040358, 6040358)
(6041784, 6041784)
(6041802, 6041802)
(6041821, 6041821)
(6041832, 6041832)
(6041834, 6041834)
(6041903, 5999680)
(6041904, 5999680)
(6042042, 6042042)
(6042051, 6042051)
(6042081, 6042081)
(6042086, 6042086)
(6045850, 6045850)
(6045858, 6045858)
(6045876, 6045876)
(6045877, 6045877)
(6046013, 6046013)
(6046264, 6046264)
(6047479, 6047479)
(6047483, 5642612)
(6047532, 5619324)
(6047542, 5619338)
(6047545, 5619340)
(6047885, 6047885)
(6061171, 6061171)
(6061504, 6061504)
(6062232, 6062232)
(6062830, 6062830)
(6062929, 6062929)
(6062930, 6062930)
(6062989, 6062989)
(6065562, 6065562)
(6068532, 6068532)
(6079302, 6079302)
(6079669, 6079669)
(6080755, 6080755)
(6083477, 6083477)
(6083484, 6083484)
(6083492, 6083492)
(6083494, 6083494)
(6083496, 6083496)
(6084376, 6084376)
(6085544, 6085544)
(6086243, 6086243)
(6086244, 5036671)
(6103550, 6112168)
(6106800, 6106800)
(6108225, 6108225)
(6108912, 6108912)
(6108989, 6108989)
(6116162, 6116163)
(6116163, 6116163)
(6116364, 6121859)
(6116374, 6116441)
(6116378, 6116441)
(6116379, 6116441)
(6116380, 6116441)
(6116397, 6121859)
(6116432, 6116441)
(6116448, 6116441)
(6116467, 6116441)
(6116490, 6121888)
(6116491, 6121888)
(6116503, 6116441)
(6116555, 6116557)
(6116563, 6116563)
(6116564, 6116564)
(6118862, 6118862)
(6118875, 6118875)
(6118943, 6118943)
(6118971, 6118971)
(6118993, 6118982)
(6121839, 6116441)
(6121849, 6121859)
(6121853, 6121859)
(6121855, 6121859)
(6121856, 6121859)
(6121859, 6121859)
(6121866, 6121859)
(6121871, 6121859)
(6125393, 6125393)
(6125401, 6125401)
(6125421, 6125393)
(6127488, 6127488)
(6140374, 6140374)
(6140375, 6140375)
(6140391, 6140391)
(6140454, 6140396)
(6140463, 6140463)
(6140467, 6140467)
(6140472, 6140472)
(6140482, 6140482)
(6140523, 6140523)
(6140534, 6140535)
(6140535, 6140535)
(6140539, 6140539)
(6140552, 6140552)
(6140554, 6140554)
(6140566, 6140566)
(6142057, 6142057)
(6142536, 6142536)
(6143162, 6140566)
(6143185, 6143185)
(6143219, 6143219)
(6143224, 6143224)
(6143226, 5727513)
(6143260, 6143260)
(6143273, 6143273)
(6143317, 6143317)
(6145973, 6145973)
(6146015, 6146015)
(6147276, 6147276)
(6147351, 6147351)
(6147402, 6147402)
(6148889, 6148889)
(6148968, 6148968)
(6153574, 6153574)
(6153597, 6153597)
(6154471, 6154484)
(6154939, 6154939)
(6159036, 6159036)
(6160881, 6160881)
(6160884, 6160884)
(6182673, 6182673)
(6184416, 6184416)
(6188487, 6188487)
(6189350, 6118874)
(6189367, 6118880)
(6193518, 6193518)
(6195137, 6190354)
(6195438, 6195438)
(6206886, 6206886)
(6211252, 6211252)
(6211253, 6211253)
(6211264, 6211264)
(6211265, 6211265)
(6211278, 6211278)
(6211280, 6211280)
(6211282, 6211282)
(6211295, 6211295)
(6211659, 6211660)
(6211685, 6211660)
(6211686, 6211660)
(6211695, 6211660)
(6211744, 6211660)
(6211962, 6211962)
(6212121, 6212121)
(6212124, 6212124)
(6212219, 6212219)
(6212222, 6212222)
(6212246, 6212246)
(6212251, 6212251)
(6212267, 6212267)
(6212276, 6212276)
(6212284, 6211245)
(6212299, 6212299)
(6212318, 6212318)
(6220361, 6220361)
(6220363, 6220363)
(6221592, 6221592)
(6226236, 6226236)
(6226244, 6226244)
(6226455, 6226455)
(6227259, 6227259)
(6228298, 6228298)
(6228551, 6228551)
(6232333, 6232333)
(6232349, 6232349)
(6236311, 6212127)
(6236336, 6212057)
(6236338, 6212059)
(6240685, 6240685)
(6253306, 6253306)
(6268738, 6268738)
(6272870, 6272870)
(6272891, 6272891)
(6276675, 6276675)
(6278734, 6278734)
(6281735, 6283001)
(6281996, 6281996)
(6282852, 6282852)
(6282859, 6282859)
(6282860, 6282860)
(6282861, 6282861)
(6282870, 6282870)
(6282873, 6282873)
(6282913, 6282913)
(6282928, 6282928)
(6282929, 6282929)
(6282932, 6282932)
(6282936, 6282936)
(6282947, 6282947)
(6282952, 6282952)
(6287315, 6287315)
(6288534, 6288534)
(6289290, 6289290)
(6289947, 6289947)
(6290329, 6290329)
(6293398, 6293398)
(6294534, 6294534)
(6294538, 6294538)
(6295146, 6295146)
(6295167, 6295167)
(6297101, 6297101)
(6297102, 6297102)
(6297109, 6297109)
(6297110, 6297110)
(6297115, 6297115)
(6303301, 6303301)
(6303775, 6303775)
(6310120, 6310120)
(6310447, 6310447)
(6311660, 6311660)
(6311785, 6311785)
(6312060, 6312060)
(6317202, 6317202)
(6317358, 6317358)
(6318365, 6318386)
(6318369, 6318386)
(6318403, 6318386)
(6318406, 6318386)
(6318407, 6318386)
(6318410, 6318386)
(6323761, 6323763)
(6323762, 6323763)
(6323763, 6323763)
(6331576, 6331576)
(6347910, 6168069)
(6347918, 6168066)
(6347985, 6347985)
(6347988, 6347988)
(6351225, 6351225)
(6351873, 6351873)
(6353122, 6353122)
(6353127, 6404367)
(6353146, 6353146)
(6353181, 6353181)
(6353196, 6353196)
(6353197, 6353197)
(6354794, 6408494)
(6354877, 6408013)
(6354890, 6377409)
(6358602, 6358602)
(6358625, 6358625)
(6360529, 6360529)
(6373326, 6373326)
(6378153, 6378153)
(6379719, 6379719)
(6382185, 6382185)
(6388829, 6388829)
(6389274, 6389274)
(6389824, 6389824)
(6390301, 6390301)
(6390313, 6390313)
(6390829, 6390829)
(6390949, 6390949)
(6393767, 6393767)
(6393768, 6393768)
(6393771, 6393771)
(6393772, 6393772)
(6393773, 6393773)
(6397414, 6351360)
(6404268, 6353196)
(6404271, 6353124)
(6404283, 6404283)
(6404290, 6404290)
(6404364, 6353139)
(6404365, 6353126)
(6408198, 6351874)
(6410824, 6410824)
(6422353, 6373326)
(6432410, 6428464)
(6435534, 6435534)
(6436227, 6417360)
(6001683, 6002221)
(6001699, 6002253)
(6001753, 6002215)
(6002220, 6002220)
(6002225, 6002225)
(6002229, 6002229)
(6002256, 6002256)
(6002257, 6002257)
(6008430, 6008430)
(6008432, 6008432)
(6021258, 6021253)
(6021878, 6021878)
(6022153, 6022170)
(6022158, 6022170)
(6022160, 6022170)
(6022162, 6022168)
(6022164, 6022170)
(6022189, 6022170)
(6028142, 6028142)
(6036284, 6036284)
(6040357, 6040357)
(6041755, 6001165)
(6041771, 6041771)
(6041772, 6041772)
(6041804, 6041804)
(6041822, 6041822)
(6041828, 6041828)
(6042016, 6042016)
(6042045, 6042045)
(6042055, 6042055)
(6042059, 6042059)
(6042061, 6042061)
(6042079, 6042079)
(6044907, 6202242)
(6045884, 6045884)
(6045888, 6045888)
(6045890, 6045890)
(6046057, 6046057)
(6047391, 6047391)
(6047487, 5662678)
(6047490, 5662685)
(6047492, 5664166)
(6047493, 5663252)
(6047506, 5631678)
(6047519, 5642601)
(6047528, 5602201)
(6047538, 5619332)
(6047541, 5619335)
(6047560, 5890881)
(6051576, 6051576)
(6062865, 6062865)
(6062928, 6062928)
(6062933, 6062933)
(6062997, 5346488)
(6068537, 6068534)
(6073744, 6073744)
(6083476, 6083476)
(6083479, 6083479)
(6083491, 6083491)
(6083498, 6083498)
(6083501, 6083501)
(6084482, 6084482)
(6105716, 6105716)
(6114773, 6114773)
(6114780, 6114780)
(6116175, 6116175)
(6116383, 6116441)
(6116426, 6116441)
(6116441, 6116441)
(6116464, 6116441)
(6116481, 6116441)
(6116488, 6121888)
(6116557, 6116557)
(6116561, 6116561)
(6116562, 6116562)
(6118411, 5272219)
(6118861, 6118861)
(6118864, 6118864)
(6118867, 6118867)
(6118869, 6118869)
(6118870, 6118870)
(6118871, 6118871)
(6118874, 6118874)
(6118966, 6118966)
(6118973, 6118973)
(6121293, 6121293)
(6121295, 6121295)
(6121818, 6121818)
(6121864, 6116441)
(6121885, 6121888)
(6125319, 5747482)
(6125328, 5747482)
(6125359, 5747482)
(6125394, 6125394)
(6125410, 6125412)
(6125418, 6125393)
(6130540, 6130554)
(6140373, 6140373)
(6140387, 6140387)
(6140507, 6140507)
(6140518, 6140518)
(6140561, 6140561)
(6140571, 6140571)
(6140573, 6140573)
(6142062, 6142062)
(6142535, 6142535)
(6143163, 6143163)
(6143167, 6143167)
(6143204, 6143311)
(6143208, 6143208)
(6143228, 6143228)
(6143313, 6143313)
(6143318, 6143318)
(6145932, 6145932)
(6145988, 6145988)
(6146973, 6146973)
(6146992, 6146992)
(6147243, 6147243)
(6147248, 6147248)
(6147254, 6147254)
(6147271, 6147271)
(6147320, 6147320)
(6147325, 6147323)
(6147326, 6125407)
(6147332, 6147332)
(6147357, 6147357)
(6147369, 6147369)
(6147411, 6147411)
(6147777, 6147777)
(6153289, 5924717)
(6153292, 5972599)
(6153499, 6153499)
(6153508, 6061606)
(6153532, 6153532)
(6154465, 6154466)
(6154482, 6154484)
(6154483, 6154483)
(6154781, 6154781)
(6154796, 6154796)
(6154807, 6154807)
(6155089, 5386256)
(6155386, 6155386)
(6158914, 5891314)
(6160878, 6160878)
(6160883, 6160883)
(6160887, 6160886)
(6162098, 6162098)
(6167085, 6167094)
(6168080, 6168080)
(6189351, 6118877)
(6189356, 6118875)
(6189357, 6118868)
(6189364, 6118879)
(6195142, 6190354)
(6195144, 6190354)
(6195151, 6195151)
(6195569, 6195569)
(6202046, 6202046)
(6202813, 6202813)
(6203073, 6203073)
(6205917, 6205917)
(6205951, 6205951)
(6206041, 6205921)
(6206428, 6206428)
(6206885, 6206885)
(6208757, 6373326)
(6211248, 6211248)
(6211254, 6211254)
(6211262, 6211262)
(6211287, 6211287)
(6211291, 6226015)
(6211676, 6211660)
(6211708, 6211660)
(6212122, 6212122)
(6212223, 6212223)
(6212240, 6212240)
(6212244, 6212244)
(6212245, 6212245)
(6212264, 6212264)
(6212270, 6226015)
(6212320, 6212320)
(6214654, 6214654)
(6219594, 6219594)
(6220266, 6220266)
(6220358, 6220358)
(6220677, 6220677)
(6221392, 6221392)
(6221589, 6221589)
(6225230, 6203206)
(6226246, 6226246)
(6228561, 6228561)
(6232343, 6232343)
(6232350, 6232350)
(6232835, 6232835)
(6240701, 6240701)
(6241177, 6241177)
(6241400, 6241400)
(6251373, 6320649)
(6252161, 6252161)
(6252181, 6252181)
(6252405, 6085530)
(6274602, 6373326)
(6275206, 6274913)
(6276721, 6276721)
(6277238, 6277238)
(6281914, 6281914)
(6281999, 6281999)
(6282858, 6282858)
(6282864, 6282864)
(6282867, 6282867)
(6282951, 6282951)
(6283140, 6283140)
(6283212, 6283212)
(6286969, 6286969)
(6286972, 6286972)
(6293805, 6293805)
(6294009, 6294009)
(6294532, 6294532)
(6295170, 6295170)
(6295174, 6295174)
(6297100, 6297100)
(6303387, 6303387)
(6307427, 6307427)
(6311661, 6311661)
(6311922, 6311922)
(6312033, 6312033)
(6312036, 6312036)
(6316363, 6316363)
(6317201, 6317201)
(6318361, 6318386)
(6318374, 6318386)
(6318376, 6318386)
(6318381, 6318386)
(6318382, 6318386)
(6318386, 6318386)
(6318402, 6318386)
(6318405, 6318386)
(6318416, 6318386)
(6323745, 6323745)
(6323748, 6323748)
(6323751, 6323751)
(6323970, 6312636)
(6333904, 6333904)
(6346811, 6346811)
(6346813, 6346813)
(6347976, 6347976)
(6347977, 6347977)
(6353125, 6404295)
(6353126, 6353126)
(6353138, 6353138)
(6353183, 6404283)
(6353185, 6404290)
(6353194, 6353194)
(6353195, 6408010)
(6354778, 6377396)
(6354852, 6377400)
(6354855, 6377402)
(6358603, 6358590)
(6361338, 6361338)
(6366259, 6366259)
(6366260, 6366260)
(6371123, 6371123)
(6371925, 6371925)
(6377396, 6377396)
(6377409, 6377409)
(6389270, 6389270)
(6390299, 6358588)
(6390302, 6390302)
(6391338, 6391338)
(6393774, 6393774)
(6393782, 6393782)
(6400721, 6400721)
(6404293, 6404293)
(6404363, 6404363)
(6404368, 6353123)
(6404369, 6353142)
(6405255, 6396452)
(6405905, 6394660)
(6408002, 6353191)
(6408007, 6408007)
(6408015, 6377397)
(6408493, 6377398)
(6408499, 6377409)
(6416536, 6416536)
(6421824, 6347071)
(6432424, 6428464)
(6435536, 6435536)
(678334, 678334)
(6001701, 6002255)
(6001757, 6002218)
(6002217, 6002217)
(6002224, 6002224)
(6002252, 6002252)
(6003126, 5856068)
(6022172, 6022168)
(6022405, 6022168)
(6025638, 6025638)
(6028145, 6028145)
(6035455, 6035455)
(6040356, 6040356)
(6041777, 6041777)
(6041782, 6041782)
(6041789, 6041789)
(6041791, 6041791)
(6041825, 6041825)
(6042020, 6042020)
(6042047, 6042047)
(6042049, 6042049)
(6042074, 6042074)
(6042077, 6042077)
(6042078, 6042078)
(6042083, 6042083)
(6042085, 6042085)
(6045857, 6045857)
(6045867, 6045867)
(6046014, 6046014)
(6046061, 6046061)
(6046265, 6046265)
(6046269, 6046269)
(6047385, 5670095)
(6047387, 6047387)
(6047392, 6047392)
(6047398, 6047398)
(6047399, 6047399)
(6047401, 5600875)
(6047402, 5600876)
(6047480, 5600873)
(6047488, 5662682)
(6047505, 5631679)
(6047507, 5631688)
(6047534, 5619327)
(6047804, 6047804)
(6062794, 6062794)
(6062883, 6062883)
(6062918, 6062918)
(6068533, 6068535)
(6068534, 6068534)
(6079461, 6079461)
(6081059, 6081059)
(6106764, 6106764)
(6108224, 6108224)
(6109977, 6109977)
(6114822, 6114822)
(6114866, 6114866)
(6116174, 6116174)
(6116401, 6121859)
(6116409, 6121859)
(6116413, 6121859)
(6116416, 6121859)
(6116431, 6116441)
(6116442, 6121888)
(6116445, 6121859)
(6116456, 6116441)
(6116477, 6121859)
(6116480, 6116441)
(6116483, 6116441)
(6116486, 6121859)
(6116501, 6116441)
(6116553, 6116553)
(6116559, 6116559)
(6116919, 6116919)
(6118877, 6118877)
(6118964, 6118964)
(6118975, 6118975)
(6118977, 6118977)
(6118988, 6118988)
(6121852, 6121891)
(6121867, 6116441)
(6121868, 6121859)
(6121873, 6116441)
(6121879, 6121859)
(6121888, 6121888)
(6125395, 6125395)
(6125396, 6125419)
(6125402, 6125407)
(6125411, 6125407)
(6125412, 6125412)
(6125469, 5747482)
(6130495, 6130495)
(6140376, 6140376)
(6140384, 6140374)
(6140425, 6140425)
(6140477, 6140477)
(6140480, 6140480)
(6140493, 6140493)
(6140494, 6140494)
(6140505, 6140505)
(6140542, 6140542)
(6140569, 6143305)
(6143157, 6143157)
(6143178, 6143178)
(6143193, 6143193)
(6143205, 6143205)
(6143211, 6143211)
(6143225, 6143225)
(6143281, 6143311)
(6143305, 6143305)
(6143322, 6143322)
(6143325, 6143325)
(6143326, 6143326)
(6145940, 6145940)
(6146681, 6146681)
(6147260, 6147260)
(6147297, 6147297)
(6147306, 6147306)
(6147331, 6147331)
(6147334, 6147331)
(6147335, 6125394)
(6147344, 6147344)
(6147361, 6147361)
(6147833, 6147833)
(6148890, 6148890)
(6153296, 5924721)
(6153298, 5972582)
(6153354, 6153354)
(6153504, 6061606)
(6153506, 6028087)
(6154470, 6154470)
(6154472, 6154484)
(6154474, 6154484)
(6154785, 6154785)
(6155094, 5386262)
(6159952, 6159952)
(6160011, 6118860)
(6162605, 6184053)
(6166870, 6166870)
(6166872, 6166872)
(6166877, 6166877)
(6167602, 6167602)
(6189362, 6118878)
(6195152, 6190354)
(6196451, 6196451)
(6200536, 6200536)
(6202260, 6202260)
(6203076, 6203076)
(6205921, 6205921)
(6206039, 6206039)
(6206644, 6206644)
(6208517, 6208517)
(6208521, 6208521)
(6211245, 6211245)
(6211246, 6211246)
(6211247, 6226015)
(6211293, 6211293)
(6211294, 6211294)
(6211669, 6211660)
(6211687, 6211660)
(6211706, 6211660)
(6211707, 6211660)
(6211729, 6211729)
(6211733, 6211733)
(6211736, 6211736)
(6211753, 6211660)
(6212059, 6212059)
(6212125, 6212125)
(6212209, 6212209)
(6212265, 6212265)
(6212268, 6212268)
(6212274, 6212274)
(6212286, 6212286)
(6212319, 6212319)
(6214652, 6214652)
(6214653, 6214653)
(6219720, 6219720)
(6219779, 6219779)
(6220017, 6220017)
(6220267, 6220267)
(6220362, 6220362)
(6220679, 6220679)
(6226243, 6226243)
(6228208, 6228208)
(6228245, 4628605)
(6228565, 6228565)
(6228568, 6228568)
(6228708, 6228708)
(6232337, 6232337)
(6234837, 6234837)
(6236310, 6212126)
(6236321, 6212119)
(6236334, 6206886)
(6236335, 6212056)
(6236900, 6236900)
(6240712, 6240712)
(6242621, 6373326)
(6253311, 6253306)
(6273347, 6273347)
(6275207, 6274913)
(6275208, 6274913)
(6276722, 6276722)
(6282000, 6282000)
(6282846, 6282846)
(6282920, 6282920)
(6282927, 6282927)
(6282944, 6282944)
(6287313, 6287313)
(6289932, 6289932)
(6289949, 6289949)
(6293778, 6293824)
(6294121, 6294121)
(6294125, 6294125)
(6294178, 6293828)
(6294218, 6294218)
(6294448, 6294448)
(6294452, 6294452)
(6294454, 6294454)
(6294533, 6294533)
(6295168, 6295168)
(6295171, 6295171)
(6295176, 6295176)
(6297104, 6297104)
(6297107, 6297107)
(6303385, 6303385)
(6311659, 6311659)
(6311666, 6311666)
(6311874, 6311874)
(6312034, 6312034)
(6317192, 6317202)
(6317200, 6317200)
(6318366, 6318386)
(6318404, 6318386)
(6320809, 6320809)
(6323747, 6323747)
(6323752, 6323752)
(6323756, 6323756)
(6323758, 6323758)
(6333733, 6333733)
(6333903, 6333903)
(6341970, 6341970)
(6347912, 6168033)
(6347982, 6347982)
(6353121, 6353121)
(6353133, 6353133)
(6353139, 6353139)
(6353178, 6404286)
(6353188, 6353188)
(6353193, 6408017)
(6354854, 6377400)
(6358610, 5417735)
(6358623, 6358590)
(6360546, 6360546)
(6362037, 6362037)
(6366256, 6366256)
(6368031, 6368031)
(6371121, 6371121)
(6371737, 6371737)
(6377398, 6377398)
(6390304, 6390304)
(6390305, 6390305)
(6393776, 6393776)
(6400408, 6400408)
(6401232, 6400332)
(6402510, 6394660)
(6404265, 6353138)
(6404281, 6353177)
(6404367, 6404367)
(6408006, 6353190)
(6408017, 6353193)
(6408101, 6408101)
(6408500, 6377407)
(6411380, 6411380)
(6415324, 6415324)
(6415334, 6415334)
(6415715, 6415715)
(6417176, 6417176)
(6417414, 6417414)
(6420737, 6420737)
(6420787, 6420787)
(6434738, 6434738)
(678333, 678333)
(678335, 678335)
(6000714, 6000714)
(6001165, 6001165)
(6001688, 6002228)
(6001694, 6040357)
(6001696, 6002249)
(6001756, 6002217)
(6002221, 6002221)
(6002227, 6002227)
(6002249, 6002249)
(6021259, 6021253)
(6022152, 6022170)
(6022155, 6022170)
(6022175, 6022170)
(6022178, 6022170)
(6028143, 6028143)
(6028144, 6028144)
(6028146, 6028146)
(6028148, 6028148)
(6028874, 6028874)
(6031913, 6031913)
(6035453, 6035453)
(6041424, 6041424)
(6041585, 6041585)
(6041780, 6041780)
(6041811, 6041811)
(6041836, 6041836)
(6041991, 6041991)
(6041999, 6041999)
(6042065, 6042065)
(6042073, 6042073)
(6042557, 6042557)
(6045862, 6045862)
(6045891, 6045891)
(6045896, 6045896)
(6045901, 6045901)
(6047389, 5600872)
(6047397, 6047397)
(6047403, 5600879)
(6047475, 6047475)
(6047482, 5642610)
(6047486, 5662679)
(6047494, 5662684)
(6047504, 5631683)
(6047508, 5631687)
(6047510, 5631681)
(6047513, 5631686)
(6047529, 5602200)
(6047533, 5619325)
(6047537, 5600868)
(6047539, 5619333)
(6053620, 6053620)
(6062169, 6062169)
(6062664, 6062664)
(6062945, 6062945)
(6073753, 6073753)
(6074691, 6074691)
(6080725, 6080725)
(6081060, 6081060)
(6081205, 6096937)
(6083482, 6083482)
(6083507, 6083507)
(6083512, 6083512)
(6085873, 6085873)
(6100398, 6100398)
(6101341, 6101341)
(6105712, 6105712)
(6116385, 6116441)
(6116415, 6121859)
(6116450, 6121859)
(6116463, 6116441)
(6116470, 6121859)
(6116474, 6121888)
(6116482, 6121859)
(6116489, 6121859)
(6116505, 6116441)
(6116552, 6116552)
(6116566, 6116564)
(6118868, 6118868)
(6118879, 6118879)
(6118887, 6118887)
(6118889, 6118889)
(6118890, 6118890)
(6118893, 6118893)
(6118972, 6116563)
(6118980, 6118982)
(6118983, 6118983)
(6118994, 6118988)
(6121175, 6121175)
(6121838, 6116441)
(6121844, 6121859)
(6121847, 6121859)
(6121860, 6121859)
(6121870, 6121859)
(6121887, 6121888)
(6125189, 5747565)
(6125405, 6125407)
(6125406, 6125393)
(6126758, 6126758)
(6126812, 6126812)
(6126815, 6126815)
(6126823, 6126823)
(6130522, 6130522)
(6130547, 6130554)
(6140385, 6140385)
(6140450, 6140450)
(6140460, 6140460)
(6140471, 6140472)
(6140509, 6140397)
(6140512, 6140537)
(6140549, 6140549)
(6140572, 6143311)
(6142216, 6116938)
(6143165, 6143311)
(6143188, 6143188)
(6143196, 6143196)
(6143199, 6143199)
(6143200, 6143200)
(6143216, 6143216)
(6143221, 6143221)
(6143264, 6143264)
(6143267, 6143267)
(6143277, 6143277)
(6143310, 6141970)
(6143319, 6143311)
(6143321, 6143321)
(6143323, 6143323)
(6147252, 6147252)
(6147323, 6147323)
(6147342, 6147342)
(6147343, 6147343)
(6147350, 6147350)
(6147412, 6147412)
(6147424, 6147424)
(6148970, 6148970)
(6153352, 6153352)
(6153505, 6061602)
(6154464, 6154470)
(6154480, 6154484)
(6154706, 6154706)
(6154793, 6154793)
(6154794, 6154794)
(6155088, 5386257)
(6155090, 6155090)
(6159435, 6159435)
(6160875, 6160875)
(6161185, 6161185)
(6167215, 6167215)
(6167252, 6167252)
(6188543, 6188543)
(6189352, 6118864)
(6189366, 6118865)
(6195140, 6190354)
(6195153, 6190354)
(6202243, 6202243)
(6202513, 5965139)
(6203075, 6203075)
(6203493, 6320649)
(6205968, 6205968)
(6206300, 6206300)
(6208084, 6208084)
(6211258, 6211258)
(6211266, 6211266)
(6211284, 6211284)
(6211285, 6211285)
(6211292, 6211292)
(6211300, 6211300)
(6211664, 6211660)
(6211675, 6211675)
(6211682, 6211660)
(6211702, 6211660)
(6212235, 6212235)
(6212283, 6212283)
(6212285, 6212285)
(6212296, 6212296)
(6212304, 6212304)
(6212314, 6212314)
(6220675, 6220675)
(6221314, 6221314)
(6222324, 6222324)
(6222326, 6222326)
(6225218, 6203206)
(6226015, 6226015)
(6226235, 6226235)
(6226240, 6226240)
(6228221, 6190354)
(6228548, 6228548)
(6231659, 6231659)
(6231777, 6231777)
(6232138, 6232138)
(6236308, 6212124)
(6236312, 6232333)
(6236314, 6232337)
(6236317, 6232345)
(6240705, 6240705)
(6241401, 6241401)
(6252180, 6252180)
(6253057, 6253057)
(6266441, 6266441)
(6272887, 6272887)
(6276633, 6276633)
(6276683, 6276683)
(6277235, 6277235)
(6277426, 6277426)
(6279268, 6279268)
(6279595, 6279595)
(6281731, 6281731)
(6282765, 6282765)
(6282848, 6282848)
(6282855, 6282855)
(6282919, 6282919)
(6283139, 6283139)
(6288531, 6288531)
(6289944, 6289944)
(6292808, 5478889)
(6293960, 6293960)
(6294212, 6294212)
(6294214, 6294214)
(6294216, 6294216)
(6294442, 6294442)
(6294444, 6294444)
(6295177, 6295177)
(6297119, 6297119)
(6312204, 6312204)
(6312366, 6312366)
(6315371, 6315371)
(6317196, 6317196)
(6318368, 6318386)
(6318370, 6318386)
(6318373, 6318386)
(6318414, 6318386)
(6323760, 6323754)
(6333426, 6333426)
(6346819, 6346819)
(6347861, 6295167)
(6347975, 6347975)
(6347981, 6347981)
(6347987, 6347987)
(6353140, 6404267)
(6353176, 6404278)
(6353186, 6408007)
(6353191, 6353191)
(6354620, 6377605)
(6354791, 6408493)
(6354813, 6377399)
(6354814, 6354814)
(6358066, 6358066)
(6358590, 6358590)
(6358593, 6358593)
(6358594, 6358594)
(6358598, 6358598)
(6358600, 6347982)
(6361380, 6361380)
(6362035, 6362035)
(6366264, 6366264)
(6368017, 6368017)
(6371474, 6371474)
(6371673, 6371673)
(6389271, 6389271)
(6389931, 6432745)
(6393780, 6393780)
(6400071, 6373326)
(6400733, 6400733)
(6404267, 6404267)
(6404278, 6404278)
(6404287, 6404287)
(6404291, 6404291)
(6404362, 6404362)
(6405906, 6456061)
(6408004, 6353184)
(6408011, 6353121)
(6408494, 6408494)
(6411397, 6411397)
(6415314, 6415314)
(6419516, 6419512)
(6428561, 6417360)
(6432389, 6428464)
(6432421, 6428464)
(6432430, 6428464)
(6432431, 6428464)
(6436218, 6420705)