(4970773, 4970773)
(4976598, 4976598)
(4990858, 4990835)
(4996591, 4819134)
(4009224, 4009224)
(4044859, 4044859)
(4050894, 4085948)
(4059582, 4059582)
(4063186, 4063186)
(4083383, 4083383)
(4107369, 4124551)
(4115953, 4015778)
(4121337, 4121329)
(4124340, 4124338)
(4125079, 4125078)
(4125303, 4125303)
(4125304, 4125304)
(4126029, 4121329)
(4148378, 4121944)
(4152740, 4152740)
(4153782, 4153782)
(4161119, 4161119)
(4171720, 4171720)
(4190504, 4160068)
(4191388, 4160068)
(4191392, 4160068)
(4209377, 4209377)
(4238474, 4238474)
(4247978, 4247978)
(4248344, 4248344)
(4255640, 4255640)
(4269076, 4269076)
(4269077, 4269077)
(4269079, 4269079)
(4269082, 4269082)
(4269083, 4269083)
(4269088, 4269088)
(4269102, 4269102)
(4269121, 4269121)
(4269131, 4269131)
(4269137, 4269137)
(4269146, 4269146)
(4269161, 4269161)
(4270721, 4270721)
(4270723, 4270723)
(4270730, 4270730)
(4273017, 4273017)
(4278929, 4278929)
(4280100, 4280100)
(4280233, 4280233)
(4280244, 4280244)
(4280249, 4280249)
(4294306, 4270713)
(4294309, 4270716)
(4294312, 4270719)
(4298512, 4298512)
(4299025, 4299025)
(4299246, 4299246)
(4299249, 4299249)
(4299251, 4299251)
(4299253, 4299253)
(4299260, 4299260)
(4301275, 4396337)
(4302550, 4302550)
(4307255, 4298402)
(4307308, 4307308)
(4308016, 4340838)
(4310278, 4310278)
(4314016, 4350231)
(4315110, 4359963)
(4316340, 4316340)
(4321408, 4321411)
(4323456, 4405290)
(4325093, 4325093)
(4326020, 4518675)
(4327868, 4368117)
(4327892, 4302910)
(4328709, 4341506)
(4328739, 4341602)
(4328748, 4341600)
(4328753, 4341595)
(4328758, 4328725)
(4328762, 4341586)
(4328765, 4341583)
(4330710, 4330710)
(4331215, 4331215)
(4331302, 4331302)
(4334896, 4334896)
(4335735, 4335735)
(4335736, 4335736)
(4336058, 4413010)
(4338645, 4338645)
(4340151, 4418504)
(4340153, 4418505)
(4340608, 4342476)
(4340861, 4340861)
(4341006, 4350231)
(4341087, 4341087)
(4341480, 4336142)
(4341912, 4384567)
(4348382, 4348382)
(4348744, 4348745)
(4350231, 4350231)
(4350292, 4350301)
(4350300, 4350301)
(4350302, 4350301)
(4350307, 4350301)
(4350419, 4350420)
(4353780, 4360814)
(4353959, 4348944)
(4354576, 4354576)
(4355307, 4301796)
(4355887, 4355887)
(4355890, 4355890)
(4355895, 4355895)
(4355905, 4355905)
(4355908, 4355908)
(4356271, 4356271)
(4356891, 4356894)
(4356893, 4356893)
(4356916, 4356882)
(4359224, 4341658)
(4359226, 4347804)
(4359459, 4359459)
(4359491, 4359491)
(4359963, 4359963)
(4360441, 4360441)
(4361279, 4361279)
(4361288, 4361288)
(4361393, 4361393)
(4362482, 4368117)
(4362492, 4397314)
(4362493, 4302920)
(4362626, 4302909)
(4362762, 4362762)
(4362774, 4362774)
(4362828, 4362828)
(4362830, 4362830)
(4362832, 4362832)
(4362841, 4362841)
(4362844, 4362844)
(4362851, 4362851)
(4362863, 4362863)
(4362864, 4362864)
(4363916, 4363916)
(4365677, 4365677)
(4365724, 4365724)
(4365727, 4365727)
(4368386, 4368386)
(4370945, 4361569)
(4374470, 4413013)
(4374753, 4374753)
(4375934, 4393357)
(4376413, 4376413)
(4377806, 4373431)
(4377813, 4375199)
(4377833, 4375199)
(4379945, 4379945)
(4380028, 4380028)
(4383013, 4400453)
(4383014, 4400453)
(4383556, 4383556)
(4384621, 4406112)
(4384626, 4406117)
(4384795, 4280239)
(4385661, 4385661)
(4385663, 4385663)
(4385668, 4390222)
(4385677, 4390244)
(4385687, 4385687)
(4385700, 4385700)
(4388547, 4388547)
(4388551, 4390127)
(4388552, 4388552)
(4388800, 4388798)
(4389123, 4389123)
(4389916, 4335373)
(4390123, 4388548)
(4390128, 4388553)
(4390197, 4390197)
(4390219, 4385670)
(4390224, 4385669)
(4390239, 4385704)
(4390240, 4390240)
(4390245, 4390245)
(4390492, 4400440)
(4391465, 4391755)
(4391466, 4391756)
(4391470, 4391760)
(4391481, 4391772)
(4391761, 4391761)
(4391762, 4391762)
(4391769, 4391769)
(4391779, 4391779)
(4392343, 4392343)
(4392837, 4392837)
(4394918, 4398626)
(4394938, 4398626)
(4395411, 4395411)
(4395514, 4395514)
(4395517, 4395517)
(4395710, 4392939)
(4395723, 4392939)
(4396013, 4396013)
(4396337, 4396337)
(4397439, 4397437)
(4398626, 4398626)
(4398636, 4398626)
(4398662, 4398722)
(4398702, 4398626)
(4398704, 4398626)
(4398711, 4398626)
(4398719, 4398722)
(4398724, 4394204)
(4398731, 4398626)
(4399844, 4399844)
(4399873, 4399855)
(4399874, 4399856)
(4400179, 4400179)
(4400421, 4399846)
(4400425, 4399850)
(4400439, 4400439)
(4400445, 4400445)
(4400449, 4400449)
(4400456, 4395423)
(4400458, 4393303)
(4400459, 4393304)
(4400689, 4393357)
(4401502, 4401502)
(4401767, 4401767)
(4401794, 4361862)
(4403011, 4403011)
(4403045, 4403045)
(4403108, 4403108)
(4403499, 4403499)
(4403599, 4403599)
(4403861, 4405410)
(4403862, 4403862)
(4404751, 4404751)
(4405161, 4405161)
(4405168, 4402930)
(4405234, 4402745)
(4405403, 4405403)
(4405419, 4405419)
(4408147, 4408147)
(4408639, 4408639)
(4409240, 4409240)
(4409241, 4409241)
(4409250, 4409250)
(4409260, 4409260)
(4409525, 4409525)
(4409542, 4431062)
(4409546, 4431065)
(4409553, 4431072)
(4409556, 4431075)
(4409569, 4409569)
(4409576, 4409576)
(4409785, 4409785)
(4411332, 4411332)
(4412580, 4412580)
(4412639, 4393357)
(4412663, 4409258)
(4412668, 4414914)
(4412669, 4414915)
(4412676, 4414925)
(4412678, 4414922)
(4412681, 4409249)
(4413340, 4413340)
(4414586, 4411829)
(4414587, 4411829)
(4414687, 4414687)
(4414690, 4414690)
(4414722, 4414722)
(4414917, 4414917)
(4414982, 4414982)
(4418858, 4418858)
(4418865, 4418865)
(4418869, 4418869)
(4419522, 4303840)
(4419833, 4419833)
(4420245, 4429775)
(4420255, 4429785)
(4420263, 4429793)
(4420265, 4429795)
(4420735, 4431049)
(4420744, 4409533)
(4420748, 4431062)
(4420763, 4409560)
(4420764, 4409558)
(4420778, 4409578)
(4420902, 4414982)
(4420903, 4420903)
(4421884, 4421884)
(4421927, 4421927)
(4423861, 4398863)
(4424018, 4424018)
(4424069, 4424069)
(4424652, 4424652)
(4427843, 4427861)
(4427847, 4427855)
(4427853, 4427853)
(4427854, 4427854)
(4427909, 4427909)
(4428007, 4428007)
(4428008, 4428008)
(4428082, 4428082)
(4428093, 4428093)
(4429450, 4429450)
(4429481, 4428092)
(4429482, 4428093)
(4429773, 4429773)
(4429776, 4429776)
(4429784, 4429784)
(4429786, 4429786)
(4431047, 4409527)
(4431050, 4431050)
(4431054, 4431054)
(4431055, 4409535)
(4431062, 4431062)
(4431067, 4431067)
(4431076, 4431076)
(4431082, 4409563)
(4431089, 4409574)
(4431091, 4409576)
(4431815, 4472067)
(4431913, 4431913)
(4432267, 4432267)
(4432276, 4432276)
(4432288, 4432288)
(4435478, 4435478)
(4435871, 4435871)
(4435873, 4429047)
(4436762, 4436762)
(4437065, 4437065)
(4437067, 4437067)
(4437202, 4437202)
(4437205, 4437205)
(4438598, 4438598)
(4439106, 4734252)
(4439283, 4439283)
(4439754, 4439296)
(4442930, 4352290)
(4443168, 4443168)
(4443172, 4443175)
(4443173, 4443173)
(4443178, 4443178)
(4443564, 4393357)
(4445843, 4445847)
(4445844, 4445844)
(4446496, 4446496)
(4446696, 4446695)
(4446826, 4335373)
(4452680, 4452680)
(4454039, 4454042)
(4454857, 4443306)
(4455101, 4455101)
(4459276, 4393357)
(4459280, 4393357)
(4459375, 4459375)
(4459923, 4456290)
(4461138, 4462330)
(4462357, 4537110)
(4462924, 4462924)
(4463304, 4463304)
(4463309, 4463309)
(4463349, 4463349)
(4463352, 4463352)
(4463382, 4463382)
(4463832, 4463832)
(4464395, 4464395)
(4465999, 4393357)
(4466596, 4369156)
(4466946, 4472173)
(4467073, 4470519)
(4467074, 4462172)
(4467490, 4462120)
(4468317, 4430899)
(4468780, 4470521)
(4468781, 4470521)
(4468782, 4462172)
(4470356, 4793382)
(4470366, 4793359)
(4470369, 4793362)
(4470371, 4793364)
(4470372, 4793365)
(4470381, 4793374)
(4470398, 4793333)
(4470420, 4793346)
(4470560, 4470560)
(4470577, 4470577)
(4470706, 4470706)
(4470709, 4470709)
(4470710, 4470710)
(4470755, 4470755)
(4470759, 4470759)
(4470850, 4470850)
(4471539, 4471539)
(4471542, 4471542)
(4471763, 4471763)
(4471768, 4471768)
(4471801, 4471764)
(4471819, 4471819)
(4471830, 4471830)
(4471846, 4471847)
(4471848, 4471847)
(4471849, 4471851)
(4471859, 4471859)
(4471864, 4471864)
(4471866, 4471866)
(4471867, 4471867)
(4472178, 4472178)
(4473035, 4473035)
(4473036, 4473036)
(4473041, 4473041)
(4473055, 4473055)
(4473116, 4473116)
(4473143, 4473143)
(4473161, 4473161)
(4475509, 4475534)
(4475527, 4475530)
(4475651, 4473157)
(4477367, 4473037)
(4477382, 4473052)
(4477390, 4473042)
(4477394, 4470561)
(4477400, 4470567)
(4477404, 4470571)
(4478382, 4478372)
(4478387, 4478377)
(4480716, 4480716)
(4480990, 4480990)
(4481875, 4537112)
(4486473, 4393357)
(4486708, 4486708)
(4486864, 4486864)
(4486865, 4486865)
(4486875, 4486875)
(4486890, 4486894)
(4486891, 4486891)
(4486988, 4486988)
(4486994, 4486994)
(4488507, 4490132)
(4488699, 4389375)
(4490134, 4490134)
(4491524, 4491524)
(4491612, 4442107)
(4491613, 4486695)
(4491618, 4491618)
(4494573, 4494573)
(4494706, 4494706)
(4494712, 4494714)
(4494714, 4494714)
(4495095, 4496670)
(4495268, 4470564)
(4495872, 4486883)
(4495873, 4486888)
(4496667, 4496667)
(4496671, 4496671)
(4496803, 4496803)
(4496847, 4496847)
(4496849, 4498042)
(4498013, 4498013)
(4498043, 4498043)
(4498376, 4518675)
(4498377, 4518675)
(4498388, 4518675)
(4500682, 4500683)
(4501342, 4501340)
(4501886, 4359963)
(4503106, 4510240)
(4506122, 4506122)
(4506583, 4413010)
(4506776, 4506777)
(4507041, 4507041)
(4508475, 4508475)
(4511509, 4520735)
(4511511, 4511465)
(4520223, 4520225)
(4520225, 4520225)
(4520235, 4520221)
(4521294, 4521294)
(4524722, 4524722)
(4525844, 4525844)
(4526550, 4393357)
(4526753, 4526753)
(4530979, 4407438)
(4530984, 4530984)
(4531269, 4531269)
(4531642, 4816070)
(4535023, 4535023)
(4536790, 4536790)
(4537115, 4537115)
(4544345, 4544345)
(4544410, 4544410)
(4544413, 4544413)
(4544425, 4544425)
(4544487, 4544487)
(4544524, 4544408)
(4545183, 4545183)
(4545374, 4422546)
(4546548, 4819134)
(4546648, 4546648)
(4546650, 4546650)
(4546654, 4546654)
(4548571, 4548571)
(4549236, 4549236)
(4550919, 4550919)
(4550923, 4550923)
(4550936, 4550936)
(4563458, 4563458)
(4563460, 4563460)
(4565182, 4393357)
(4565238, 4565238)
(4571847, 4571847)
(4571874, 4571874)
(4571999, 4571999)
(4572004, 4572004)
(4573440, 4573440)
(4573441, 4573441)
(4573449, 4573449)
(4577181, 4577181)
(4579686, 4579686)
(4581493, 4581493)
(4581495, 4581495)
(4581498, 4581498)
(4581506, 4581506)
(4581510, 4581510)
(4581511, 4581511)
(4581518, 4581518)
(4581523, 4793361)
(4581526, 4581526)
(4581534, 4581534)
(4581541, 4581541)
(4584643, 4584643)
(4592303, 4592303)
(4592309, 4592309)
(4592315, 4592315)
(4595975, 4819134)
(4595978, 4819134)
(4597448, 4597448)
(4597613, 4597613)
(4603202, 4603202)
(4604426, 4793073)
(4604431, 4793073)
(4604434, 4793073)
(4604448, 4793073)
(4604469, 4793073)
(4604482, 4793073)
(4604487, 4793073)
(4604493, 4793073)
(4613552, 4613552)
(4613570, 4613570)
(4613572, 4613572)
(4617969, 4617969)
(4621810, 4381752)
(4621811, 4621811)
(4622341, 4622341)
(4626978, 4626978)
(4627442, 4700826)
(4627443, 4627460)
(4631825, 4631825)
(4631829, 4631829)
(4631830, 4631830)
(4631833, 4631833)
(4631839, 4631839)
(4631840, 4631840)
(4631841, 4631841)
(4631845, 4631845)
(4631850, 4631850)
(4631862, 4631862)
(4631869, 4631869)
(4636570, 4855718)
(4640424, 4631826)
(4640449, 4631837)
(4640453, 4640453)
(4643042, 4643042)
(4648183, 4648183)
(4648297, 4648297)
(4648298, 4648297)
(4656014, 4656014)
(4656245, 4581539)
(4656445, 4656445)
(4657616, 4565671)
(4657626, 4657626)
(4658057, 4666377)
(4659967, 4659967)
(4660073, 4668526)
(4662677, 4662677)
(4665259, 4665259)
(4665371, 4637748)
(4665424, 4665424)
(4671053, 4671053)
(4671060, 4671060)
(4671074, 4671074)
(4678128, 4678128)
(4678971, 4678971)
(4679097, 4819134)
(4682025, 4682025)
(4682415, 4855718)
(4682416, 4855718)
(4682810, 4637762)
(4682842, 4637749)
(4682845, 4637749)
(4686272, 4686272)
(4686275, 4686275)
(4688071, 4688071)
(4698287, 4855718)
(4698289, 4855718)
(4698310, 4698310)
(4700820, 4700820)
(4700823, 4700823)
(4700827, 4700827)
(4700828, 4700828)
(4701635, 4668115)
(4701923, 4701923)
(4704874, 4518675)
(4705692, 4637751)
(4705876, 4753828)
(4720929, 4720929)
(4724140, 4724140)
(4724659, 4724659)
(4727240, 4727240)
(4727247, 4727247)
(4727250, 4727250)
(4727350, 4727350)
(4727368, 4727366)
(4727448, 4727448)
(4728594, 4728594)
(4728964, 4728964)
(4728965, 4728965)
(4729031, 4729031)
(4732489, 4732489)
(4734713, 4734713)
(4735061, 4735061)
(4735064, 4735064)
(4735071, 4735071)
(4745921, 4745921)
(4746391, 4746391)
(4746462, 4746462)
(4746827, 4746827)
(4746959, 4746845)
(4746961, 4746845)
(4749099, 4749099)
(4752175, 4752175)
(4755438, 4742619)
(4755514, 4755514)
(4756221, 4756254)
(4756224, 4756236)
(4756228, 4756236)
(4756229, 4756229)
(4756230, 4756230)
(4756347, 4756544)
(4756526, 4756544)
(4756535, 4756544)
(4756601, 4756544)
(4756660, 4756544)
(4756746, 4756544)
(4761231, 4761241)
(4761233, 4761241)
(4761253, 4761248)
(4763954, 4763954)
(4765826, 4765826)
(4766046, 4963005)
(4768382, 4768382)
(4768388, 4768380)
(4769561, 4769561)
(4770276, 4637752)
(4776230, 4776230)
(4776237, 4776237)
(4787133, 4787133)
(4787148, 4796309)
(4787160, 4796325)
(4787168, 4796331)
(4787170, 4787170)
(4787546, 4811360)
(4787562, 4811360)
(4790879, 4377727)
(4791181, 4637764)
(4792881, 4792881)
(4793072, 4793073)
(4793334, 4793334)
(4793339, 4793339)
(4793342, 4793342)
(4793360, 4793360)
(4793363, 4793363)
(4793383, 4793383)
(4793477, 4793073)
(4793484, 4793073)
(4794229, 4794229)
(4796294, 4787131)
(4796303, 4787141)
(4796328, 4787164)
(4796329, 4787165)
(4796333, 4787171)
(4796345, 4787186)
(4796349, 4787192)
(4796351, 4787195)
(4797545, 4797545)
(4805523, 4863345)
(4806304, 4767252)
(4808697, 4808356)
(4811361, 4793863)
(4811625, 4805536)
(4812445, 4814237)
(4814241, 4814237)
(4814646, 4814646)
(4814647, 4814647)
(4815598, 4815598)
(4815905, 4815905)
(4815907, 4815907)
(4815908, 4815908)
(4815910, 4815910)
(4815919, 4815919)
(4818523, 4818523)
(4819134, 4819134)
(4819152, 4819152)
(4819153, 4819153)
(4819155, 4819155)
(4819160, 4819160)
(4819166, 4819166)
(4819172, 4819172)
(4819180, 4819180)
(4819199, 4819199)
(4819218, 4819218)
(4819229, 4819250)
(4819236, 4819236)
(4819239, 4819239)
(4819244, 4819244)
(4819249, 4819249)
(4819263, 4819263)
(4819265, 4819265)
(4819266, 4819266)
(4819268, 4819268)
(4819277, 4819277)
(4819278, 4819278)
(4819279, 4819279)
(4819280, 4819280)
(4819283, 4819283)
(4819289, 4819289)
(4819291, 4819291)
(4819324, 4819324)
(4819325, 4819325)
(4819327, 4819327)
(4819334, 4819334)
(4819340, 4819340)
(4819349, 4819349)
(4819632, 4819632)
(4819649, 4819649)
(4819692, 4819692)
(4819712, 4809412)
(4819730, 4819730)
(4819736, 4819736)
(4819737, 4819737)
(4825358, 4832830)
(4828923, 4828923)
(4828928, 4828928)
(4832413, 4840100)
(4832414, 4863345)
(4835963, 4835969)
(4835968, 4835969)
(4836060, 4836060)
(4838521, 4732085)
(4838525, 4732065)
(4838526, 4732075)
(4838531, 4732055)
(4838538, 4732087)
(4840408, 4840408)
(4855717, 4819134)
(4862161, 4862198)
(4863339, 4863345)
(4863342, 4863345)
(4875349, 4875349)
(4875358, 4875358)
(4876585, 4876585)
(4876589, 4876589)
(4876597, 4876597)
(4876598, 4876598)
(4890599, 4890599)
(4921787, 4921787)
(4950282, 4950282)
(4950734, 4976243)
(4969758, 4840100)
(4969759, 4863345)
(4010691, 4017920)
(4054131, 4085948)
(4065479, 4359104)
(4087865, 4087865)
(4101176, 4631857)
(4114169, 4114169)
(4121336, 4121336)
(4124335, 4124338)
(4124336, 4121329)
(4124353, 4124338)
(4125954, 4125954)
(4126025, 4121329)
(4157955, 4631820)
(4176097, 4182461)
(4210014, 4107071)
(4218189, 4218189)
(4222880, 4017920)
(4233691, 4233691)
(4235372, 4235129)
(4243688, 4243688)
(4256682, 4256682)
(4267949, 4139525)
(4269080, 4269080)
(4269095, 4269095)
(4269111, 4269111)
(4269115, 4269115)
(4269143, 4269143)
(4269165, 4269165)
(4270714, 4270714)
(4270762, 4270762)
(4275123, 4518675)
(4280204, 4280204)
(4280239, 4280239)
(4293373, 4293373)
(4294310, 4298401)
(4294320, 4270727)
(4294323, 4298534)
(4296263, 4280243)
(4298042, 4518675)
(4298415, 4374753)
(4298532, 4270728)
(4299240, 4299240)
(4299242, 4299242)
(4299243, 4299243)
(4299244, 4299244)
(4305695, 4305695)
(4306300, 4354576)
(4306301, 4354577)
(4307006, 4321652)
(4307042, 4307042)
(4308011, 4340838)
(4309654, 4309654)
(4310140, 4310140)
(4310148, 4310148)
(4316028, 4316028)
(4319705, 4416076)
(4320100, 4320100)
(4321166, 4321166)
(4321866, 4321866)
(4327870, 4302908)
(4328749, 4328749)
(4328750, 4328750)
(4333309, 4518675)
(4335587, 4307437)
(4335588, 4307437)
(4335740, 4335740)
(4339288, 4339288)
(4339289, 4339289)
(4339916, 4339916)
(4340165, 4418505)
(4341249, 4341249)
(4341554, 4341554)
(4341911, 4384567)
(4342476, 4342476)
(4342978, 4342978)
(4346911, 4345941)
(4348745, 4348745)
(4350190, 4350190)
(4350291, 4350301)
(4350295, 4350301)
(4350298, 4350301)
(4350304, 4350301)
(4351021, 4351021)
(4351377, 4351377)
(4353964, 4352606)
(4354577, 4354577)
(4354584, 4354582)
(4354586, 4384145)
(4355898, 4355898)
(4355899, 4355899)
(4355902, 4355902)
(4355906, 4355906)
(4355909, 4355909)
(4355912, 4355912)
(4356889, 4356886)
(4356898, 4356886)
(4356910, 4356886)
(4356913, 4356882)
(4357428, 4357428)
(4358403, 4301796)
(4359103, 4359103)
(4359244, 4359244)
(4359492, 4359492)
(4360527, 4360441)
(4361205, 4370099)
(4361291, 4361291)
(4361348, 4361348)
(4362472, 4302923)
(4362490, 4302912)
(4362611, 4397313)
(4362615, 4302916)
(4362628, 4368117)
(4362763, 4362763)
(4362773, 4362847)
(4362775, 4362775)
(4362831, 4362831)
(4362838, 4362838)
(4362842, 4362842)
(4362848, 4362848)
(4365729, 4365729)
(4367628, 4367628)
(4368613, 4368613)
(4368823, 4368823)
(4370099, 4370099)
(4370286, 4367889)
(4370289, 4367889)
(4370295, 4367889)
(4370301, 4367889)
(4374598, 4374598)
(4374601, 4374600)
(4376245, 4384147)
(4377035, 4377035)
(4377807, 4373431)
(4377836, 4375199)
(4380071, 4377551)
(4380196, 4380196)
(4383218, 4383218)
(4383927, 4400451)
(4384048, 4383257)
(4384142, 4354582)
(4384146, 4384145)
(4384147, 4384147)
(4384618, 4406109)
(4384623, 4406114)
(4384627, 4406118)
(4384792, 4384792)
(4385466, 4400445)
(4385471, 4400445)
(4385669, 4390224)
(4385670, 4385670)
(4385686, 4385686)
(4388553, 4388553)
(4389147, 4384900)
(4390119, 4388544)
(4390120, 4388546)
(4390126, 4388552)
(4390193, 4390193)
(4390212, 4385705)
(4390216, 4385675)
(4390217, 4390217)
(4390220, 4385690)
(4390228, 4385662)
(4390235, 4385698)
(4390237, 4385696)
(4391469, 4391759)
(4391477, 4391768)
(4391557, 4400439)
(4391582, 4393357)
(4393304, 4393304)
(4393457, 4392753)
(4394118, 4394118)
(4394203, 4398626)
(4394920, 4398626)
(4394940, 4398626)
(4394941, 4398722)
(4395410, 4395410)
(4395416, 4395416)
(4395525, 4395522)
(4395735, 4392939)
(4395736, 4392939)
(4396265, 4393357)
(4396816, 4398400)
(4397475, 4397475)
(4397859, 4397859)
(4398294, 4159520)
(4398396, 4398396)
(4398628, 4398722)
(4398632, 4398626)
(4398660, 4398626)
(4398693, 4398626)
(4398697, 4398722)
(4398698, 4398626)
(4398699, 4398722)
(4398705, 4398626)
(4398727, 4398626)
(4398728, 4398626)
(4399007, 4399007)
(4399053, 4399053)
(4399680, 4399680)
(4399851, 4399851)
(4399852, 4399852)
(4399853, 4399853)
(4399863, 4399845)
(4399870, 4399852)
(4400183, 4400186)
(4400185, 4400185)
(4400200, 4400200)
(4400220, 4400220)
(4400429, 4400429)
(4400437, 4400437)
(4400690, 4393357)
(4401520, 4401520)
(4401696, 4401696)
(4401708, 4401708)
(4403039, 4403039)
(4403043, 4403043)
(4403107, 4400761)
(4403498, 4403501)
(4403603, 4403603)
(4404753, 4404753)
(4404948, 4404947)
(4405154, 4402930)
(4405405, 4405405)
(4405406, 4405406)
(4405410, 4405410)
(4405417, 4405417)
(4406169, 4406169)
(4406175, 4406175)
(4406178, 4406178)
(4406883, 4406883)
(4406887, 4406887)
(4406888, 4406888)
(4407805, 4393357)
(4408640, 4408640)
(4408649, 4408649)
(4409244, 4409244)
(4409257, 4409257)
(4409448, 4407115)
(4409526, 4409526)
(4409527, 4409527)
(4409537, 4431057)
(4409538, 4431058)
(4409541, 4431061)
(4409548, 4431067)
(4409552, 4431071)
(4409554, 4431073)
(4409560, 4431079)
(4409570, 4409570)
(4409788, 4409788)
(4409790, 4409790)
(4410171, 4410171)
(4410179, 4410179)
(4410462, 4359963)
(4411246, 4411245)
(4411250, 4411245)
(4411336, 4411336)
(4411338, 4411338)
(4412122, 4303840)
(4412670, 4414916)
(4412673, 4414919)
(4412688, 4409255)
(4412729, 4412729)
(4412731, 4412736)
(4413365, 4413365)
(4414688, 4414688)
(4414691, 4414691)
(4414719, 4414719)
(4414720, 4414720)
(4414980, 4414980)
(4414984, 4414984)
(4417482, 4381752)
(4417496, 4417496)
(4418366, 4418366)
(4418573, 4420890)
(4418577, 4418577)
(4418857, 4418857)
(4419973, 4419973)
(4420240, 4429770)
(4420250, 4429780)
(4420259, 4429789)
(4420268, 4429798)
(4420274, 4429804)
(4420279, 4429810)
(4420289, 4429820)
(4420737, 4431047)
(4420746, 4431059)
(4420753, 4409574)
(4420769, 4409524)
(4420884, 4420884)
(4420885, 4420885)
(4420886, 4420886)
(4420889, 4420889)
(4420890, 4420890)
(4420891, 4420891)
(4420896, 4420896)
(4421918, 4421918)
(4422543, 4422543)
(4422546, 4422546)
(4423859, 4472067)
(4423948, 4421692)
(4424070, 4424070)
(4426139, 4426139)
(4426729, 4393357)
(4427841, 4427863)
(4427907, 4427907)
(4427908, 4427909)
(4428083, 4428083)
(4428094, 4428094)
(4428488, 4359963)
(4429050, 4429050)
(4429475, 4428086)
(4429770, 4429770)
(4429775, 4429775)
(4429781, 4429781)
(4429789, 4429789)
(4429794, 4429794)
(4429801, 4429801)
(4429806, 4429806)
(4429810, 4429810)
(4429813, 4429813)
(4429820, 4429820)
(4431043, 4409523)
(4431049, 4431049)
(4431063, 4431063)
(4431064, 4431064)
(4431070, 4431070)
(4431073, 4431073)
(4431079, 4431079)
(4431084, 4409569)
(4431087, 4409572)
(4431094, 4409580)
(4431557, 4431557)
(4432259, 4432259)
(4432269, 4432269)
(4432270, 4432270)
(4436275, 4436326)
(4436280, 4436326)
(4436298, 4359963)
(4437068, 4437071)
(4438382, 4438382)
(4439357, 4393357)
(4439360, 4393357)
(4439753, 4439296)
(4442027, 4442027)
(4442538, 4442538)
(4443174, 4443174)
(4443567, 4393357)
(4443574, 4443574)
(4444178, 4335373)
(4444853, 4444853)
(4445846, 4445847)
(4445847, 4445847)
(4446500, 4446500)
(4448282, 4450713)
(4450734, 4324565)
(4452670, 4452678)
(4452685, 4452685)
(4453115, 4453115)
(4454031, 4454030)
(4454032, 4454148)
(4454043, 4454152)
(4454046, 4454046)
(4454725, 4454725)
(4454845, 4443303)
(4454854, 4443305)
(4459278, 4393357)
(4461348, 4461348)
(4461975, 4458399)
(4462084, 4462084)
(4462130, 4462083)
(4462131, 4462131)
(4462175, 4470519)
(4463001, 4463001)
(4463006, 4463006)
(4463266, 4463006)
(4463308, 4463308)
(4463310, 4463310)
(4463348, 4463302)
(4463403, 4463403)
(4465992, 4393357)
(4466268, 4384792)
(4466942, 4481235)
(4467368, 4668114)
(4467495, 4472172)
(4467953, 4757613)
(4470364, 4793357)
(4470365, 4793358)
(4470385, 4793378)
(4470387, 4793380)
(4470395, 4793370)
(4470421, 4793347)
(4470424, 4793350)
(4470519, 4470519)
(4470561, 4470561)
(4470568, 4470568)
(4470569, 4470569)
(4470570, 4470570)
(4470707, 4470707)
(4470762, 4470762)
(4470769, 4470769)
(4470772, 4470772)
(4470782, 4470782)
(4471537, 4471537)
(4471540, 4471540)
(4471547, 4471547)
(4471657, 4471657)
(4471659, 4471659)
(4471660, 4471660)
(4471770, 4471770)
(4471774, 4471773)
(4471823, 4471818)
(4471827, 4471827)
(4471828, 4471828)
(4471863, 4471863)
(4471875, 4471854)
(4472585, 4444177)
(4473050, 4473050)
(4473135, 4473135)
(4473137, 4473137)
(4473138, 4473138)
(4473149, 4473149)
(4473150, 4473150)
(4473156, 4473156)
(4475487, 4475530)
(4475513, 4475515)
(4475523, 4475530)
(4475538, 4475538)
(4475653, 4473151)
(4477353, 4473046)
(4477366, 4473037)
(4477384, 4473054)
(4477385, 4473055)
(4477389, 4473040)
(4478279, 4510240)
(4478282, 4510240)
(4478375, 4478375)
(4478377, 4478377)
(4478800, 4417675)
(4480305, 4480990)
(4481243, 4481243)
(4485522, 4485522)
(4486472, 4393357)
(4486858, 4486888)
(4486895, 4486892)
(4486992, 4486992)
(4488505, 4491620)
(4489241, 4489185)
(4490130, 4490130)
(4490133, 4490133)
(4490414, 4537112)
(4491426, 4491426)
(4491444, 4404907)
(4491615, 4491615)
(4491753, 4491753)
(4491947, 4491756)
(4494707, 4494707)
(4494715, 4506778)
(4495092, 4496667)
(4496341, 4506778)
(4496805, 4496805)
(4496850, 4498043)
(4497928, 4393357)
(4498042, 4498042)
(4498365, 4500680)
(4498367, 4500681)
(4498386, 4518675)
(4498387, 4518675)
(4498807, 4470572)
(4498810, 4470577)
(4498817, 4470578)
(4500680, 4500680)
(4500683, 4500683)
(4502857, 4626978)
(4502858, 4626978)
(4503082, 4500680)
(4503084, 4506777)
(4503085, 4506777)
(4506474, 4498732)
(4506777, 4506777)
(4510118, 4510118)
(4510185, 4510185)
(4510240, 4510240)
(4510946, 4509764)
(4511468, 4511468)
(4511471, 4511471)
(4511474, 4511474)
(4511478, 4511465)
(4511498, 4511465)
(4511501, 4511468)
(4511502, 4511465)
(4511523, 4511465)
(4512219, 4512219)
(4524723, 4524723)
(4525049, 4525049)
(4527378, 4527378)
(4534777, 4534777)
(4537110, 4537110)
(4537113, 4537113)
(4537861, 4581379)
(4538726, 4538726)
(4542214, 4542214)
(4542919, 4518675)
(4544415, 4544413)
(4544417, 4544404)
(4545135, 4545135)
(4545196, 4545196)
(4550906, 4550906)
(4550917, 4550917)
(4550920, 4550920)
(4550926, 4550926)
(4550927, 4550927)
(4550971, 4550971)
(4550973, 4550973)
(4550975, 4550975)
(4551187, 4518675)
(4551215, 4551215)
(4558355, 4558355)
(4561179, 4561179)
(4563455, 4563455)
(4565671, 4565671)
(4571955, 4571955)
(4572005, 4572005)
(4573442, 4573442)
(4574229, 4855718)
(4581513, 4581513)
(4581522, 4581522)
(4581528, 4581528)
(4581537, 4581537)
(4581538, 4581538)
(4582646, 4582646)
(4587672, 4587672)
(4590664, 4590664)
(4592119, 4592119)
(4595223, 4595223)
(4595392, 4595392)
(4595977, 4855718)
(4597465, 4597465)
(4597591, 4597591)
(4598563, 4598563)
(4604417, 4793073)
(4604441, 4793073)
(4604485, 4793073)
(4604488, 4793073)
(4604492, 4793073)
(4613571, 4613572)
(4621795, 4613572)
(4623712, 4623712)
(4623775, 4623775)
(4626181, 4626181)
(4627460, 4627460)
(4631831, 4631831)
(4631843, 4631843)
(4631861, 4631861)
(4636577, 4855718)
(4636583, 4645187)
(4640454, 4631833)
(4640459, 4631829)
(4641092, 4666377)
(4642282, 4389337)
(4656247, 4793379)
(4656557, 4621787)
(4656599, 4656599)
(4658021, 4652538)
(4659977, 4659977)
(4660089, 4660089)
(4660121, 4660121)
(4662257, 4662257)
(4663516, 4753828)
(4665372, 4637748)
(4671056, 4671056)
(4671058, 4671058)
(4671059, 4671059)
(4671067, 4671067)
(4671073, 4671073)
(4676072, 4676072)
(4676631, 4679558)
(4679096, 4819134)
(4682405, 4819134)
(4682406, 4819134)
(4682417, 4819134)
(4682537, 4682537)
(4682806, 4637761)
(4682808, 4637764)
(4686267, 4686267)
(4687937, 4687937)
(4695028, 4695028)
(4698291, 4855718)
(4702362, 4702362)
(4704309, 4704309)
(4704310, 4510240)
(4705697, 4637751)
(4724105, 4724105)
(4724230, 4724230)
(4725204, 4725204)
(4727243, 4727243)
(4727244, 4727244)
(4727251, 4727251)
(4727351, 4727351)
(4727365, 4727365)
(4727439, 4727439)
(4728345, 4728345)
(4728966, 4728966)
(4729034, 4729034)
(4729037, 4729037)
(4732490, 4732490)
(4734305, 4734305)
(4735054, 4735054)
(4735058, 4735058)
(4735060, 4735060)
(4735073, 4735073)
(4735563, 4735563)
(4740468, 4740468)
(4740471, 4740471)
(4740472, 4740472)
(4742619, 4742619)
(4743223, 4743223)
(4749529, 4749529)
(4749534, 4749534)
(4750356, 4637761)
(4756218, 4756254)
(4756232, 4727365)
(4756235, 4756235)
(4756240, 4756240)
(4756243, 4756251)
(4756247, 4756247)
(4756315, 4756544)
(4756325, 4756544)
(4756331, 4756544)
(4756362, 4756544)
(4756427, 4756544)
(4756514, 4756544)
(4756545, 4756544)
(4756550, 4756544)
(4756582, 4756544)
(4756588, 4756544)
(4756591, 4756544)
(4756603, 4756544)
(4756641, 4756544)
(4756653, 4756544)
(4757454, 4797262)
(4761252, 4761241)
(4765822, 4863345)
(4765825, 4772642)
(4766051, 4963005)
(4766553, 4766553)
(4772605, 4772605)
(4772642, 4772642)
(4775947, 4775947)
(4776228, 4920672)
(4776240, 4776240)
(4787138, 4787138)
(4787144, 4796306)
(4787158, 4787158)
(4787167, 4787167)
(4787184, 4787184)
(4787197, 4796353)
(4787824, 4787824)
(4790462, 4863345)
(4791183, 4637764)
(4792169, 4792169)
(4793018, 4793018)
(4793073, 4793073)
(4793081, 4793073)
(4793333, 4793333)
(4793345, 4793345)
(4793348, 4793348)
(4793350, 4793350)
(4793374, 4793374)
(4793487, 4793073)
(4793806, 4811360)
(4793861, 4793863)
(4793862, 4793863)
(4796299, 4787137)
(4796305, 4796305)
(4796308, 4787146)
(4796312, 4787152)
(4796330, 4787167)
(4796332, 4787170)
(4796339, 4787179)
(4805519, 4863345)
(4805520, 4863345)
(4805529, 4863345)
(4805537, 4811364)
(4805942, 4805942)
(4807915, 4796354)
(4808535, 4808535)
(4808703, 4808356)
(4808715, 4808356)
(4811364, 4811364)
(4812362, 4814237)
(4812365, 4814237)
(4812409, 4814237)
(4814637, 4814637)
(4815902, 4815902)
(4815904, 4815904)
(4815914, 4815914)
(4819130, 4819134)
(4819133, 4819134)
(4819151, 4819151)
(4819158, 4819158)
(4819179, 4819179)
(4819183, 4819183)
(4819184, 4819184)
(4819245, 4819245)
(4819251, 4819251)
(4819260, 4819260)
(4819276, 4819276)
(4819287, 4819287)
(4819295, 4819295)
(4819302, 4819302)
(4819309, 4819309)
(4819343, 4819343)
(4819346, 4819346)
(4819350, 4819350)
(4819359, 4819359)
(4819637, 4819637)
(4819643, 4819643)
(4819658, 4819658)
(4819711, 4819711)
(4819728, 4819728)
(4819745, 4819745)
(4828582, 4828582)
(4832365, 4832365)
(4836061, 4836061)
(4838529, 4732123)
(4838535, 4732056)
(4838541, 4732073)
(4838612, 4732063)
(4838613, 4732059)
(4840033, 4840033)
(4843964, 4843964)
(4853304, 4853304)
(4854566, 4854566)
(4855715, 4855718)
(4855752, 4855752)
(4863351, 4863345)
(4863362, 4855718)
(4868483, 4868562)
(4871635, 4871635)
(4875354, 4875354)
(4875357, 4875357)
(4875362, 4875362)
(4876581, 4876581)
(4876594, 4876594)
(4890601, 4890601)
(4930045, 4930045)
(4937735, 4937735)
(4957378, 4957378)
(4964364, 4977083)
(4970977, 4814833)
(4990835, 4990835)
(4996585, 4855718)
(4996590, 4855718)
(4006115, 4087865)
(4009220, 4009220)
(4009221, 4009221)
(4009225, 4009224)
(4028022, 4028022)
(4046702, 4087865)
(4059581, 4059581)
(4083374, 4083374)
(4121329, 4121329)
(4121335, 4121336)
(4122227, 4122227)
(4122230, 4122229)
(4123507, 4123507)
(4125078, 4125078)
(4127956, 4127956)
(4155479, 4380192)
(4157953, 4157953)
(4167341, 4416074)
(4167348, 4416074)
(4179216, 4170845)
(4182457, 4182457)
(4185458, 4185458)
(4185931, 4192543)
(4192986, 4183628)
(4199502, 4408393)
(4211220, 4631824)
(4213995, 4015778)
(4227126, 4413010)
(4229592, 4631825)
(4235359, 4235129)
(4238459, 4238459)
(4255622, 4788271)
(4260692, 4260692)
(4267950, 4175417)
(4269078, 4269078)
(4269090, 4269090)
(4269092, 4269092)
(4269130, 4269130)
(4269145, 4269145)
(4269147, 4269147)
(4269171, 4269171)
(4270719, 4270719)
(4270725, 4270725)
(4270729, 4270729)
(4270765, 4270765)
(4270766, 4270766)
(4275130, 4518675)
(4280229, 4280229)
(4294319, 4270726)
(4294322, 4270729)
(4296797, 4298824)
(4298039, 4518675)
(4298456, 4298456)
(4299248, 4299248)
(4299281, 4299281)
(4301276, 4301276)
(4303857, 4036142)
(4304066, 4304066)
(4306298, 4306298)
(4307342, 4418505)
(4308009, 4340838)
(4309616, 4309616)
(4310275, 4310275)
(4312768, 4312768)
(4315290, 4315290)
(4320007, 4320007)
(4320958, 4335373)
(4321409, 4321411)
(4321412, 4321411)
(4321414, 4321411)
(4323587, 4350231)
(4324565, 4324565)
(4325374, 4325374)
(4326021, 4518675)
(4326948, 4326948)
(4327869, 4423964)
(4328702, 4341513)
(4328703, 4341512)
(4328707, 4341508)
(4328721, 4328721)
(4328725, 4328725)
(4328737, 4328737)
(4328752, 4341596)
(4328756, 4341592)
(4328764, 4341584)
(4334890, 4334890)
(4335578, 4418504)
(4339119, 4305144)
(4340162, 4418505)
(4340242, 4336142)
(4341256, 4341256)
(4341907, 4384567)
(4341910, 4384567)
(4345676, 4345676)
(4346910, 4346910)
(4347654, 4347654)
(4350299, 4350301)
(4350305, 4350301)
(4350420, 4350420)
(4355888, 4355888)
(4355889, 4355889)
(4356887, 4356885)
(4356890, 4356894)
(4357427, 4357427)
(4359227, 4338978)
(4361277, 4361277)
(4361284, 4361284)
(4361292, 4361292)
(4362491, 4302919)
(4362612, 4302911)
(4362617, 4302910)
(4362630, 4302918)
(4362765, 4362765)
(4362770, 4362770)
(4362772, 4362772)
(4362781, 4362781)
(4362827, 4362827)
(4362836, 4362836)
(4362854, 4362854)
(4362857, 4362857)
(4362858, 4362858)
(4363824, 4363824)
(4363893, 4413013)
(4365518, 4365518)
(4365525, 4365525)
(4365629, 4365629)
(4365730, 4365730)
(4365731, 4365731)
(4365733, 4365733)
(4368248, 4365832)
(4368500, 4368500)
(4368900, 4358204)
(4370146, 4367889)
(4370290, 4367889)
(4370776, 4370776)
(4372564, 4603263)
(4374800, 4374800)
(4377036, 4377036)
(4377038, 4377038)
(4379946, 4379946)
(4380823, 4461348)
(4380992, 4430895)
(4381707, 4280243)
(4383657, 4461348)
(4383930, 4400450)
(4384624, 4406115)
(4384625, 4406116)
(4384633, 4406124)
(4384655, 4384652)
(4385463, 4400442)
(4385470, 4400449)
(4385478, 4400448)
(4385567, 4379627)
(4385660, 4390232)
(4385667, 4390223)
(4385671, 4390218)
(4385675, 4385675)
(4385680, 4385680)
(4385690, 4385690)
(4385694, 4390198)
(4385704, 4385704)
(4385707, 4390231)
(4385843, 4385843)
(4385867, 4552882)
(4388546, 4388546)
(4388555, 4388555)
(4388798, 4388798)
(4388803, 4388798)
(4388808, 4388798)
(4390127, 4388551)
(4390130, 4388555)
(4390195, 4385661)
(4390207, 4390207)
(4390618, 4390618)
(4390621, 4390621)
(4390624, 4390624)
(4391464, 4391773)
(4391486, 4391780)
(4391563, 4400439)
(4391623, 4391623)
(4391758, 4391758)
(4391766, 4391766)
(4391767, 4391767)
(4393294, 4400436)
(4393296, 4393296)
(4393299, 4393299)
(4393316, 4400436)
(4393317, 4400437)
(4394199, 4394204)
(4394207, 4398722)
(4394916, 4398626)
(4394937, 4398722)
(4395418, 4395418)
(4395707, 4392939)
(4396209, 4396209)
(4397437, 4397437)
(4398386, 4398386)
(4398630, 4398722)
(4398655, 4398722)
(4398656, 4398626)
(4398695, 4394204)
(4398703, 4398722)
(4398706, 4398626)
(4398722, 4398722)
(4399682, 4399682)
(4399847, 4399847)
(4399865, 4399847)
(4399868, 4399850)
(4400156, 4398626)
(4400175, 4400175)
(4400423, 4399848)
(4400438, 4400438)
(4400447, 4400447)
(4400455, 4395421)
(4401446, 4401446)
(4401460, 4401279)
(4401494, 4399346)
(4401763, 4401520)
(4403038, 4403038)
(4403042, 4403042)
(4403044, 4403044)
(4403161, 4403161)
(4403602, 4403602)
(4403605, 4403605)
(4405166, 4409783)
(4405218, 4402930)
(4405407, 4405407)
(4407223, 4407223)
(4407883, 4407883)
(4408157, 4408157)
(4408158, 4408157)
(4408646, 4408646)
(4409256, 4409256)
(4409374, 4409374)
(4409531, 4431051)
(4409545, 4431064)
(4409547, 4431066)
(4409551, 4431070)
(4409559, 4431078)
(4409571, 4409571)
(4409783, 4409783)
(4409786, 4409786)
(4410521, 4410320)
(4410524, 4410320)
(4411335, 4411335)
(4412634, 4393357)
(4412662, 4409257)
(4412677, 4414980)
(4412687, 4409260)
(4412736, 4412736)
(4413622, 4413709)
(4414561, 4411829)
(4414567, 4412115)
(4414686, 4414686)
(4414925, 4414925)
(4414983, 4414983)
(4417003, 4417003)
(4417185, 4417185)
(4417617, 4417617)
(4418363, 4418363)
(4418365, 4418365)
(4418576, 4418576)
(4418790, 4418790)
(4418855, 4418855)
(4418905, 4418905)
(4419787, 4419787)
(4419949, 4393357)
(4420249, 4429779)
(4420252, 4429782)
(4420267, 4429797)
(4420283, 4429814)
(4420284, 4429815)
(4420390, 4420390)
(4420738, 4431051)
(4420750, 4409572)
(4420752, 4409573)
(4420754, 4409576)
(4420762, 4431070)
(4420770, 4409523)
(4420771, 4409526)
(4420888, 4420888)
(4421914, 4421892)
(4421925, 4421925)
(4422018, 4422018)
(4422482, 4422482)
(4424063, 4424063)
(4424065, 4424065)
(4424066, 4424066)
(4426200, 4417929)
(4427574, 4393357)
(4427793, 4427793)
(4427846, 4427857)
(4427855, 4427855)
(4428079, 4428079)
(4428080, 4428080)
(4428081, 4428081)
(4428092, 4428092)
(4428095, 4428095)
(4429039, 4429039)
(4429051, 4429051)
(4429472, 4428083)
(4429478, 4428089)
(4429483, 4428094)
(4429783, 4429783)
(4429793, 4429793)
(4429795, 4429795)
(4429803, 4429803)
(4429807, 4429807)
(4429812, 4429812)
(4429815, 4429815)
(4429817, 4429817)
(4431006, 4431006)
(4431056, 4409536)
(4431059, 4431059)
(4431065, 4431065)
(4431074, 4431074)
(4431077, 4431077)
(4431088, 4409573)
(4431890, 4422480)
(4432260, 4432260)
(4432278, 4432278)
(4435214, 4303840)
(4435476, 4435476)
(4435763, 4435763)
(4436276, 4436326)
(4436279, 4436326)
(4437070, 4437070)
(4437075, 4437075)
(4438383, 4537107)
(4438714, 4408995)
(4439286, 4510240)
(4439287, 4439287)
(4439359, 4393357)
(4442958, 4442578)
(4443177, 4443170)
(4445397, 4351021)
(4445838, 4445831)
(4445839, 4445839)
(4445842, 4445847)
(4445849, 4445847)
(4446404, 4446404)
(4447513, 4447513)
(4447594, 4447214)
(4448781, 4446695)
(4449860, 4449860)
(4449868, 4734252)
(4450167, 4450167)
(4452674, 4452678)
(4452676, 4452678)
(4453949, 4453949)
(4454145, 4454145)
(4454150, 4454150)
(4454159, 4454159)
(4454847, 4451066)
(4456752, 4430899)
(4456767, 4430899)
(4459101, 4459101)
(4459279, 4393357)
(4459871, 4899326)
(4461778, 4461778)
(4462121, 4462121)
(4462173, 4462173)
(4463004, 4463004)
(4463261, 4463001)
(4463264, 4463264)
(4463311, 4463414)
(4463711, 4463711)
(4466233, 4462172)
(4466938, 4481235)
(4466939, 4497978)
(4466945, 4472172)
(4467494, 4472172)
(4468783, 4462172)
(4470358, 4793351)
(4470370, 4793363)
(4470373, 4793366)
(4470418, 4793344)
(4470564, 4470564)
(4470567, 4470567)
(4470576, 4470576)
(4470771, 4470771)
(4470784, 4470784)
(4471538, 4471538)
(4471543, 4471543)
(4471771, 4471771)
(4471772, 4471772)
(4471805, 4471805)
(4471825, 4471864)
(4471829, 4471829)
(4471850, 4471851)
(4471854, 4471854)
(4471858, 4471767)
(4472246, 4472246)
(4473034, 4473034)
(4473037, 4473037)
(4473042, 4473042)
(4473051, 4473051)
(4473118, 4473118)
(4473119, 4473119)
(4473120, 4473120)
(4473139, 4473115)
(4473140, 4473143)
(4473154, 4473154)
(4475511, 4475533)
(4475515, 4475515)
(4475517, 4475516)
(4475640, 4473157)
(4475654, 4475514)
(4476376, 4369156)
(4477312, 4473037)
(4477361, 4473034)
(4477370, 4473038)
(4477388, 4473041)
(4477393, 4470560)
(4477396, 4470563)
(4477398, 4470565)
(4478348, 4643678)
(4478370, 4478370)
(4478374, 4478374)
(4478378, 4478378)
(4478379, 4478379)
(4478380, 4478370)
(4479914, 4757613)
(4481241, 4481241)
(4481244, 4481244)
(4485420, 4485420)
(4486699, 4486699)
(4486826, 4486826)
(4486873, 4486892)
(4486883, 4486883)
(4486885, 4486883)
(4486888, 4486888)
(4486987, 4486987)
(4486990, 4486990)
(4487505, 4487505)
(4488504, 4490133)
(4488508, 4490130)
(4489789, 4489789)
(4490658, 4351021)
(4491607, 4491607)
(4491609, 4491608)
(4491619, 4491618)
(4491946, 4491946)
(4491949, 4491949)
(4493952, 4456014)
(4495090, 4495090)
(4495091, 4496666)
(4495270, 4470560)
(4496300, 4496804)
(4496340, 4494714)
(4496668, 4496668)
(4496854, 4498007)
(4497963, 4393357)
(4498373, 4518675)
(4498375, 4518675)
(4498380, 4518675)
(4498382, 4518675)
(4498385, 4518675)
(4498390, 4518675)
(4498806, 4470574)
(4499024, 4499024)
(4501098, 4501098)
(4501340, 4501340)
(4501341, 4501340)
(4501505, 4501505)
(4501552, 4458375)
(4502803, 4399949)
(4503081, 4500683)
(4503099, 4510240)
(4503117, 4455101)
(4507463, 4757613)
(4508959, 4301796)
(4510241, 4510241)
(4510835, 4611237)
(4511466, 4511466)
(4511473, 4511473)
(4511483, 4511470)
(4511487, 4520735)
(4511488, 4511470)
(4511490, 4511468)
(4511493, 4511468)
(4511517, 4520735)
(4511518, 4520735)
(4511530, 4520731)
(4511536, 4511470)
(4512853, 4512155)
(4518674, 4518675)
(4520217, 4520221)
(4520243, 4520221)
(4520245, 4520225)
(4520252, 4520221)
(4520278, 4520221)
(4521287, 4521287)
(4521293, 4521293)
(4524962, 4524962)
(4531085, 4531085)
(4531090, 4531085)
(4531093, 4531085)
(4533268, 4533268)
(4534935, 4534935)
(4535429, 4535429)
(4537104, 4537104)
(4537109, 4537109)
(4538154, 4538154)
(4542321, 4542321)
(4543312, 4543312)
(4544407, 4544407)
(4544408, 4544408)
(4544772, 4544772)
(4545194, 4545194)
(4545207, 4819134)
(4545362, 4545362)
(4546653, 4546653)
(4546655, 4546655)
(4546760, 4524603)
(4546980, 4546980)
(4548325, 4548325)
(4550909, 4550909)
(4550910, 4550910)
(4550912, 4550912)
(4550916, 4550916)
(4550918, 4550918)
(4550925, 4550925)
(4550937, 4550937)
(4550944, 4550944)
(4550950, 4550950)
(4550965, 4550965)
(4550966, 4550966)
(4550969, 4550969)
(4558303, 4819134)
(4558308, 4819134)
(4563456, 4563456)
(4563457, 4563457)
(4563466, 4563466)
(4564889, 4564889)
(4566037, 4566037)
(4571037, 4568092)
(4571909, 4571909)
(4572001, 4572001)
(4573444, 4573444)
(4574231, 4819134)
(4575363, 4575363)
(4578502, 4578502)
(4579286, 4579286)
(4581516, 4581516)
(4581540, 4581540)
(4587671, 4587672)
(4592313, 4592313)
(4593593, 4431913)
(4593599, 4518675)
(4593931, 4596211)
(4595394, 4595394)
(4596735, 4596735)
(4597647, 4597647)
(4597689, 4597689)
(4598000, 4590292)
(4600924, 4565671)
(4603540, 4603540)
(4604445, 4793073)
(4604447, 4793073)
(4604456, 4793073)
(4604473, 4793073)
(4604478, 4793073)
(4604484, 4793073)
(4606531, 4603102)
(4607911, 4607911)
(4613564, 4613564)
(4613573, 4621787)
(4621787, 4621787)
(4622342, 4622342)
(4623776, 4623776)
(4624641, 4624641)
(4627571, 4624910)
(4631823, 4182457)
(4631826, 4631826)
(4631858, 4157953)
(4631863, 4631863)
(4631864, 4631864)
(4631870, 4631870)
(4631871, 4631871)
(4631879, 4631879)
(4636500, 4636500)
(4638134, 4638134)
(4639517, 4393357)
(4640366, 4640366)
(4640448, 4631838)
(4640456, 4631832)
(4640460, 4640460)
(4642416, 4642416)
(4648587, 4648587)
(4658949, 4393357)
(4659976, 4659976)
(4662526, 4662526)
(4662676, 4662676)
(4662740, 4518675)
(4665266, 4665266)
(4665348, 4637685)
(4665354, 4665354)
(4665355, 4637685)
(4668526, 4660073)
(4671062, 4671062)
(4671063, 4671063)
(4671068, 4671068)
(4671076, 4671076)
(4675038, 4675038)
(4675661, 4675661)
(4678970, 4678970)
(4679558, 4679558)
(4682408, 4855718)
(4682413, 4819134)
(4682414, 4819134)
(4684713, 4684713)
(4685778, 4685778)
(4686447, 4702362)
(4689120, 4689120)
(4694931, 4694931)
(4698591, 4621787)
(4703127, 4703127)
(4704306, 4704306)
(4705689, 4637751)
(4720238, 4720238)
(4720908, 4637403)
(4724234, 4724234)
(4724647, 4724647)
(4727253, 4727253)
(4727452, 4727452)
(4729019, 4729019)
(4729023, 4729023)
(4729027, 4729027)
(4729028, 4729028)
(4729029, 4729029)
(4729032, 4729032)
(4729033, 4729033)
(4729096, 4637759)
(4732420, 4732420)
(4732491, 4732491)
(4732492, 4732492)
(4734711, 4734711)
(4742660, 4370221)
(4743400, 4743400)
(4747243, 4747243)
(4749531, 4749531)
(4752877, 4819134)
(4752881, 4819134)
(4752882, 4819134)
(4756220, 4756220)
(4756222, 4756222)
(4756223, 4756240)
(4756225, 4756225)
(4756241, 4756229)
(4756250, 4756229)
(4756254, 4756254)
(4756256, 4756256)
(4756316, 4756544)
(4756320, 4756544)
(4756326, 4756544)
(4756334, 4756544)
(4756423, 4756544)
(4756433, 4756544)
(4756532, 4756544)
(4756598, 4756544)
(4756600, 4756544)
(4756608, 4756544)
(4756613, 4756544)
(4756638, 4756544)
(4756649, 4756544)
(4756735, 4756544)
(4761242, 4761248)
(4761251, 4761248)
(4761273, 4761248)
(4761274, 4761241)
(4764376, 4764376)
(4765821, 4863345)
(4766052, 4963005)
(4766555, 4766555)
(4769613, 4811360)
(4770149, 4518675)
(4770279, 4637752)
(4772799, 4772799)
(4773398, 4773398)
(4775742, 4775742)
(4776226, 4920672)
(4776231, 4776231)
(4776232, 4776232)
(4776233, 4776233)
(4776239, 4776239)
(4776882, 4776882)
(4784489, 4863345)
(4784490, 4863345)
(4787135, 4787135)
(4787179, 4787179)
(4787182, 4787182)
(4787706, 4787706)
(4787734, 4787734)
(4790721, 4518675)
(4790727, 4811360)
(4790878, 4790878)
(4791382, 4791382)
(4793069, 4793073)
(4793071, 4793073)
(4793075, 4793073)
(4793160, 4793160)
(4793332, 4793332)
(4793349, 4793349)
(4793353, 4793353)
(4793354, 4793354)
(4793361, 4793361)
(4793372, 4793372)
(4793376, 4793376)
(4793377, 4793377)
(4796295, 4796295)
(4796306, 4796306)
(4796331, 4796331)
(4796338, 4787178)
(4796352, 4787196)
(4802980, 4802980)
(4805518, 4840100)
(4807913, 4787186)
(4808717, 4808356)
(4811360, 4811360)
(4811681, 4811681)
(4812369, 4814237)
(4814238, 4814238)
(4814635, 4814635)
(4814643, 4814643)
(4815288, 4815288)
(4815895, 4815895)
(4819150, 4819150)
(4819154, 4819154)
(4819157, 4819157)
(4819189, 4819189)
(4819202, 4819186)
(4819208, 4819208)
(4819223, 4819186)
(4819233, 4819250)
(4819246, 4819246)
(4819248, 4819248)
(4819250, 4819250)
(4819256, 4819256)
(4819258, 4819258)
(4819259, 4819259)
(4819269, 4819269)
(4819275, 4819275)
(4819290, 4819290)
(4819299, 4819299)
(4819311, 4819311)
(4819317, 4819317)
(4819320, 4819320)
(4819330, 4819330)
(4819336, 4819336)
(4819357, 4819357)
(4819358, 4819358)
(4819360, 4819360)
(4819633, 4819633)
(4819634, 4819634)
(4819635, 4819635)
(4819636, 4819636)
(4819645, 4819645)
(4819659, 4819659)
(4819665, 4819665)
(4819667, 4819667)
(4819705, 4819705)
(4819727, 4819727)
(4819744, 4819744)
(4827347, 4827347)
(4828989, 4828989)
(4832417, 4840100)
(4835962, 4835969)
(4836662, 4844598)
(4838530, 4732064)
(4838609, 4732054)
(4839221, 4839221)
(4839485, 4839485)
(4840136, 4840136)
(4840390, 4518675)
(4843965, 4843965)
(4855711, 4855718)
(4855716, 4819134)
(4858824, 4871635)
(4862202, 4862202)
(4862204, 4862204)
(4862205, 4862205)
(4863278, 4863278)
(4875365, 4875365)
(4876592, 4876592)
(4876636, 4493067)
(4881331, 4767207)
(4884664, 4884664)
(4887743, 4887743)
(4887744, 4887744)
(4890595, 4890595)
(4911821, 4905977)
(4914749, 4914749)
(4976252, 4930045)
(4996587, 4855718)
(4026374, 4026374)
(4044857, 4044857)
(4049730, 4085948)
(4050489, 4063185)
(4058103, 4058103)
(4068562, 4087865)
(4078435, 4087865)
(4122228, 4122229)
(4122229, 4122229)
(4122232, 4122232)
(4178443, 4152079)
(4190499, 4160068)
(4191386, 4160068)
(4191389, 4160068)
(4192211, 4192211)
(4210012, 4107071)
(4223903, 4223903)
(4235360, 4235129)
(4235361, 4235129)
(4242200, 4380193)
(4269081, 4269081)
(4269093, 4269093)
(4269104, 4269104)
(4269105, 4269105)
(4269129, 4269129)
(4269138, 4269138)
(4269140, 4269140)
(4269151, 4269151)
(4269159, 4269159)
(4270715, 4270715)
(4278161, 4180408)
(4296261, 4280234)
(4296265, 4280249)
(4298043, 4518675)
(4298395, 4298395)
(4298398, 4298398)
(4298527, 4298527)
(4298528, 4270724)
(4299156, 4299156)
(4299241, 4299241)
(4299255, 4299255)
(4299259, 4299259)
(4300117, 4300117)
(4302936, 4302936)
(4307034, 4307034)
(4307251, 4270717)
(4307256, 4298399)
(4308012, 4340838)
(4309711, 4309711)
(4311940, 4359963)
(4314018, 4314018)
(4314446, 4321652)
(4316342, 4316342)
(4316822, 4316822)
(4318923, 4318923)
(4319406, 4351021)
(4321411, 4321411)
(4326019, 4518675)
(4328729, 4328729)
(4328747, 4328747)
(4331203, 4331203)
(4332014, 4359963)
(4335720, 4335720)
(4335744, 4335744)
(4336070, 4418505)
(4339254, 4339254)
(4339292, 4339292)
(4340150, 4418505)
(4340155, 4418505)
(4340163, 4418505)
(4341250, 4341250)
(4341872, 4305144)
(4341900, 4384567)
(4341908, 4384567)
(4344032, 4344032)
(4345601, 4345601)
(4347395, 4413010)
(4347948, 4753828)
(4348316, 4348316)
(4349524, 4305144)
(4350296, 4350301)
(4350310, 4350301)
(4353958, 4352606)
(4355893, 4355893)
(4355904, 4355904)
(4356868, 4356868)
(4356886, 4356886)
(4356888, 4356886)
(4356895, 4356895)
(4359222, 4349142)
(4359245, 4359245)
(4359493, 4359493)
(4360420, 4360420)
(4360423, 4360423)
(4361282, 4361282)
(4361283, 4361283)
(4362477, 4397314)
(4362618, 4302908)
(4362758, 4362758)
(4362761, 4362761)
(4362766, 4362766)
(4362767, 4362847)
(4362769, 4362769)
(4362771, 4362847)
(4362777, 4362847)
(4362839, 4362839)
(4362859, 4362859)
(4362861, 4362861)
(4363208, 4363208)
(4363992, 4363992)
(4365322, 4364210)
(4365641, 4899326)
(4365728, 4365728)
(4365738, 4365738)
(4365739, 4365739)
(4368826, 4368826)
(4369481, 4369481)
(4370173, 4369138)
(4371365, 4371365)
(4376163, 4432001)
(4377037, 4377037)
(4377497, 4377497)
(4377812, 4367889)
(4377827, 4375199)
(4382275, 4382275)
(4383557, 4383557)
(4384620, 4406111)
(4384630, 4406121)
(4385465, 4385465)
(4385468, 4400447)
(4385474, 4400446)
(4385475, 4400442)
(4385476, 4400447)
(4385666, 4385666)
(4385674, 4390213)
(4385676, 4390245)
(4385696, 4385696)
(4385698, 4385698)
(4385699, 4385699)
(4385703, 4385703)
(4386107, 4381752)
(4388543, 4390118)
(4388554, 4388554)
(4388801, 4388798)
(4388806, 4388798)
(4388811, 4388798)
(4389117, 4389117)
(4390194, 4385658)
(4390196, 4385681)
(4390199, 4385693)
(4390203, 4390203)
(4390215, 4385695)
(4390222, 4390222)
(4390230, 4385665)
(4390238, 4385699)
(4390491, 4400441)
(4390493, 4400441)
(4391482, 4391773)
(4391484, 4391778)
(4391488, 4391783)
(4391544, 4390866)
(4391759, 4391759)
(4391771, 4391771)
(4391772, 4391772)
(4391778, 4391778)
(4391781, 4391781)
(4391924, 4391924)
(4391931, 4391931)
(4393303, 4393303)
(4393306, 4400435)
(4394196, 4394204)
(4394201, 4398626)
(4394204, 4398626)
(4395423, 4395423)
(4395705, 4392939)
(4395717, 4392939)
(4395719, 4392939)
(4396813, 4401765)
(4398384, 4398384)
(4398627, 4398626)
(4398649, 4398626)
(4398654, 4398722)
(4398659, 4394204)
(4398708, 4398626)
(4398710, 4398626)
(4398717, 4398722)
(4399681, 4399681)
(4399849, 4399849)
(4399850, 4399850)
(4399864, 4399846)
(4399869, 4399851)
(4400167, 4398863)
(4400189, 4400189)
(4400422, 4399847)
(4400426, 4399851)
(4400428, 4399853)
(4400431, 4399856)
(4400441, 4400441)
(4400448, 4400448)
(4400451, 4400451)
(4400457, 4395424)
(4401440, 4401440)
(4401447, 4401447)
(4401505, 4401505)
(4401522, 4401522)
(4401768, 4401768)
(4402336, 4402336)
(4403010, 4403010)
(4403109, 4403109)
(4403163, 4403163)
(4403502, 4403497)
(4403590, 4403590)
(4403591, 4403591)
(4404074, 4413013)
(4404750, 4404750)
(4404945, 4384145)
(4404950, 4404949)
(4405160, 4405160)
(4405235, 4402745)
(4405411, 4405411)
(4406168, 4406168)
(4408144, 4408144)
(4408284, 4413013)
(4408644, 4408644)
(4409243, 4409243)
(4409245, 4409245)
(4409251, 4409251)
(4409532, 4409532)
(4409533, 4409533)
(4409562, 4409562)
(4409563, 4409563)
(4409573, 4409573)
(4409574, 4409574)
(4409575, 4409575)
(4409579, 4409579)
(4409816, 4409816)
(4410516, 4410320)
(4410517, 4410320)
(4411248, 4411245)
(4411313, 4411313)
(4411333, 4411333)
(4412664, 4414911)
(4412672, 4412672)
(4412679, 4414923)
(4412738, 4412738)
(4413010, 4413010)
(4413052, 4413052)
(4413620, 4413709)
(4414583, 4411829)
(4414666, 4414666)
(4414914, 4414914)
(4414985, 4414985)
(4418361, 4418361)
(4418364, 4418364)
(4418415, 4410363)
(4418569, 4418569)
(4418579, 4418579)
(4418860, 4418860)
(4418864, 4418864)
(4419786, 4419786)
(4420241, 4429771)
(4420246, 4429776)
(4420248, 4429778)
(4420254, 4429784)
(4420256, 4429786)
(4420280, 4429811)
(4420288, 4429819)
(4420739, 4409571)
(4420741, 4431057)
(4420745, 4431061)
(4420779, 4431069)
(4420783, 4409554)
(4420883, 4420883)
(4420887, 4420887)
(4420893, 4420893)
(4420901, 4420901)
(4420905, 4420905)
(4421887, 4421887)
(4421888, 4421888)
(4421891, 4421891)
(4421994, 4413557)
(4422480, 4422480)
(4422887, 4303840)
(4424021, 4424021)
(4426709, 4426709)
(4426730, 4393357)
(4427578, 4393357)
(4427850, 4427850)
(4427862, 4427862)
(4427865, 4427865)
(4428005, 4428005)
(4428077, 4428077)
(4428085, 4428085)
(4428088, 4428088)
(4428148, 4428148)
(4429451, 4429451)
(4429467, 4428078)
(4429468, 4428079)
(4429469, 4428080)
(4429474, 4428085)
(4429479, 4428090)
(4429774, 4429774)
(4429779, 4429779)
(4429790, 4429790)
(4429799, 4429799)
(4429808, 4429808)
(4431044, 4409524)
(4431046, 4409526)
(4431048, 4431048)
(4431053, 4409533)
(4431066, 4431066)
(4431068, 4431068)
(4431078, 4431078)
(4431086, 4409571)
(4431090, 4409575)
(4432001, 4432001)
(4432261, 4432261)
(4432263, 4432263)
(4432273, 4432261)
(4433701, 4446695)
(4435480, 4435480)
(4435558, 4393357)
(4436278, 4436326)
(4436282, 4436326)
(4436542, 4393357)
(4437073, 4437073)
(4439185, 4359963)
(4439282, 4439282)
(4439288, 4510240)
(4440202, 4444177)
(4442106, 4442107)
(4442111, 4442107)
(4442112, 4442107)
(4442792, 4442792)
(4443171, 4443171)
(4443175, 4443175)
(4443179, 4443179)
(4443716, 4443716)
(4445848, 4445847)
(4446346, 4417496)
(4447595, 4450880)
(4447605, 4447214)
(4452061, 4351021)
(4452678, 4452678)
(4452683, 4452683)
(4454037, 4454158)
(4454038, 4454042)
(4454144, 4454144)
(4454848, 4443304)
(4454864, 4454864)
(4458836, 4419054)
(4460822, 4462173)
(4460823, 4470521)
(4461018, 4461018)
(4461737, 4461737)
(4461781, 4461781)
(4461783, 4461783)
(4462080, 4462080)
(4462081, 4462081)
(4462123, 4462123)
(4462125, 4462125)
(4462172, 4462172)
(4462360, 4462360)
(4462664, 4431888)
(4463002, 4463002)
(4463003, 4463003)
(4463139, 4455101)
(4463215, 4930045)
(4463262, 4463002)
(4463351, 4463351)
(4466235, 4470519)
(4466376, 4468800)
(4466943, 4472172)
(4466947, 4472174)
(4467075, 4470519)
(4467076, 4470519)
(4467488, 4472172)
(4467493, 4472172)
(4467496, 4472172)
(4468306, 4393357)
(4469913, 4915074)
(4470357, 4793383)
(4470363, 4793356)
(4470367, 4793360)
(4470374, 4793367)
(4470379, 4581533)
(4470380, 4793373)
(4470382, 4581536)
(4470383, 4793376)
(4470399, 4793334)
(4470402, 4793337)
(4470416, 4793342)
(4470419, 4793345)
(4470521, 4470521)
(4470566, 4470566)
(4470574, 4470574)
(4470766, 4470757)
(4470767, 4470768)
(4470774, 4470774)
(4471164, 4359963)
(4471544, 4471544)
(4471545, 4471545)
(4471554, 4471554)
(4471773, 4471773)
(4471775, 4471775)
(4471806, 4471806)
(4471809, 4471809)
(4471812, 4471812)
(4471821, 4471821)
(4471851, 4471851)
(4472072, 4472072)
(4472179, 4472179)
(4473039, 4473039)
(4473126, 4473126)
(4473132, 4473132)
(4473133, 4473133)
(4473157, 4473157)
(4475514, 4475514)
(4475521, 4475516)
(4475534, 4475534)
(4477308, 4477364)
(4477310, 4473037)
(4477311, 4473037)
(4477359, 4473032)
(4477363, 4473036)
(4477374, 4470577)
(4477376, 4470575)
(4477391, 4473043)
(4478280, 4510240)
(4480103, 4480103)
(4480330, 4393357)
(4485484, 4485484)
(4485694, 4485694)
(4486021, 4816070)
(4486471, 4393357)
(4486477, 4393357)
(4486874, 4486874)
(4486877, 4486877)
(4486886, 4486883)
(4486989, 4486989)
(4486993, 4486993)
(4490131, 4490131)
(4490416, 4490421)
(4491610, 4442107)
(4491755, 4491755)
(4491945, 4491754)
(4491977, 4494574)
(4494708, 4494708)
(4495271, 4470565)
(4496853, 4498006)
(4497972, 4393357)
(4497980, 4497980)
(4497981, 4497981)
(4498007, 4498007)
(4498012, 4498012)
(4498087, 4456072)
(4498372, 4518675)
(4498384, 4518675)
(4498389, 4518675)
(4498813, 4470575)
(4498814, 4473049)
(4500829, 4500829)
(4500972, 4500971)
(4502245, 4502245)
(4503101, 4510240)
(4503104, 4510240)
(4510243, 4510243)
(4510933, 4509764)
(4511470, 4511470)
(4511475, 4511475)
(4511489, 4520735)
(4511496, 4511468)
(4511512, 4511468)
(4511515, 4520735)
(4511520, 4511465)
(4511535, 4520735)
(4512155, 4512155)
(4512584, 4305144)
(4512834, 4581379)
(4520270, 4520270)
(4520275, 4520225)
(4520352, 4530891)
(4520960, 4520960)
(4521292, 4521292)
(4522953, 4522953)
(4522966, 4522966)
(4523275, 4523275)
(4525398, 4525398)
(4525967, 4525967)
(4527154, 4518675)
(4531084, 4531085)
(4531086, 4531085)
(4531124, 4531124)
(4536811, 4536811)
(4537112, 4537112)
(4537116, 4537116)
(4538457, 4393357)
(4543238, 4819134)
(4544349, 4544349)
(4544416, 4544416)
(4544419, 4544414)
(4544728, 4532993)
(4545372, 4545372)
(4546545, 4819134)
(4546645, 4546645)
(4549809, 4596735)
(4550907, 4550907)
(4550931, 4550931)
(4550939, 4550939)
(4550943, 4550943)
(4550947, 4550947)
(4550953, 4550953)
(4550967, 4550967)
(4550968, 4550968)
(4550972, 4550972)
(4550977, 4550977)
(4555680, 4555680)
(4559707, 4559707)
(4563090, 4393357)
(4563464, 4563464)
(4565650, 4518675)
(4565687, 4930045)
(4565840, 4565840)
(4565976, 4565976)
(4570760, 4570760)
(4571617, 4571617)
(4572007, 4572007)
(4580321, 4596735)
(4581500, 4581500)
(4581502, 4581502)
(4581503, 4581503)
(4581505, 4581505)
(4581507, 4793345)
(4581520, 4581520)
(4581521, 4581521)
(4581525, 4581525)
(4581535, 4581535)
(4581542, 4581542)
(4581544, 4581544)
(4592305, 4592305)
(4592310, 4592310)
(4592314, 4592314)
(4592316, 4592316)
(4593862, 4819134)
(4593864, 4819134)
(4595245, 4595245)
(4595972, 4819134)
(4597645, 4597645)
(4597685, 4597685)
(4597705, 4597705)
(4603559, 4603287)
(4604433, 4793073)
(4604446, 4793073)
(4604449, 4793073)
(4604450, 4793073)
(4604471, 4793073)
(4604472, 4793073)
(4604496, 4793073)
(4613556, 4621787)
(4618935, 4618935)
(4624658, 4624658)
(4624659, 4624659)
(4628878, 4636472)
(4630538, 4630538)
(4631827, 4631827)
(4631832, 4631832)
(4631834, 4640453)
(4631835, 4631835)
(4631838, 4631838)
(4631854, 4044856)
(4631859, 4157950)
(4631860, 4631860)
(4631866, 4631866)
(4636573, 4855718)
(4636584, 4607649)
(4638397, 4638397)
(4640552, 4637749)
(4640637, 4640637)
(4644483, 4644483)
(4646128, 4646128)
(4646130, 4646130)
(4647365, 4666377)
(4649541, 4930045)
(4656246, 4793382)
(4656556, 4613572)
(4657615, 4431913)
(4658017, 4652538)
(4660047, 4660047)
(4661740, 4637749)
(4662750, 4668114)
(4662760, 4662760)
(4663001, 4637403)
(4665390, 4637748)
(4667114, 4667114)
(4668521, 4668521)
(4668611, 4668611)
(4671065, 4671065)
(4671071, 4671071)
(4671075, 4671075)
(4675569, 4613572)
(4677897, 4393357)
(4678793, 4678793)
(4678815, 4678815)
(4682404, 4819134)
(4682409, 4819134)
(4682411, 4819134)
(4682412, 4819134)
(4682807, 4637752)
(4686268, 4686268)
(4686271, 4686271)
(4687936, 4687936)
(4698288, 4855718)
(4701785, 4701785)
(4703017, 4703017)
(4704311, 4704311)
(4709766, 4794585)
(4711421, 4621787)
(4724197, 4724197)
(4724570, 4724570)
(4724638, 4724638)
(4724640, 4724640)
(4724648, 4724648)
(4724656, 4724656)
(4727248, 4727248)
(4727364, 4756236)
(4727369, 4727369)
(4727371, 4734713)
(4727431, 4727431)
(4727706, 4727706)
(4729026, 4729026)
(4733052, 4794585)
(4734710, 4734710)
(4735055, 4735055)
(4735056, 4735056)
(4735057, 4735057)
(4735063, 4735063)
(4735068, 4735068)
(4735072, 4735072)
(4744097, 4732454)
(4747024, 4746954)
(4750360, 4637761)
(4752776, 4752776)
(4752868, 4819134)
(4755439, 4755439)
(4755443, 4755443)
(4756238, 4756230)
(4756245, 4756245)
(4756319, 4756544)
(4756327, 4756544)
(4756335, 4756544)
(4756339, 4756544)
(4756443, 4756544)
(4756492, 4756544)
(4756501, 4756544)
(4756524, 4756544)
(4756538, 4756544)
(4756542, 4756544)
(4756544, 4756544)
(4756570, 4756544)
(4756602, 4756544)
(4756607, 4756544)
(4756616, 4756544)
(4756733, 4756544)
(4761232, 4761241)
(4761236, 4761241)
(4761250, 4761248)
(4761264, 4761241)
(4761271, 4761248)
(4765900, 4863345)
(4766047, 4963005)
(4766048, 4963005)
(4766049, 4963005)
(4766462, 4766462)
(4766463, 4766463)
(4768379, 4768380)
(4768381, 4768380)
(4769560, 4769560)
(4770569, 4794585)
(4772643, 4772643)
(4772800, 4772800)
(4775925, 4775925)
(4776050, 4891775)
(4776102, 4776102)
(4776236, 4776236)
(4784511, 4784511)
(4787143, 4796305)
(4787157, 4796323)
(4787181, 4787181)
(4787186, 4787186)
(4787192, 4787192)
(4787564, 4793863)
(4790466, 4863345)
(4793077, 4793073)
(4793078, 4793073)
(4793080, 4793073)
(4793331, 4793331)
(4793367, 4793367)
(4793368, 4793368)
(4793479, 4793073)
(4793481, 4793073)
(4793486, 4793073)
(4793807, 4811360)
(4793808, 4793863)
(4793864, 4811360)
(4794585, 4794585)
(4796298, 4787135)
(4796302, 4796302)
(4796304, 4787142)
(4796307, 4787145)
(4796325, 4796325)
(4796335, 4787174)
(4796344, 4796344)
(4797922, 4797922)
(4805521, 4863345)
(4808081, 4808081)
(4808385, 4808385)
(4809320, 4335373)
(4810892, 4375847)
(4812301, 4814237)
(4812360, 4814237)
(4814243, 4814237)
(4815284, 4626978)
(4815901, 4815901)
(4815906, 4815906)
(4815911, 4815911)
(4815912, 4815912)
(4815917, 4815917)
(4816070, 4816070)
(4819161, 4819161)
(4819165, 4819165)
(4819167, 4819167)
(4819170, 4819170)
(4819191, 4819191)
(4819200, 4819200)
(4819221, 4819221)
(4819224, 4819224)
(4819226, 4819226)
(4819234, 4819234)
(4819235, 4819235)
(4819238, 4819250)
(4819243, 4819243)
(4819247, 4819247)
(4819253, 4819253)
(4819267, 4819267)
(4819274, 4819274)
(4819308, 4819308)
(4819314, 4819314)
(4819322, 4819322)
(4819323, 4819323)
(4819332, 4819332)
(4819335, 4819335)
(4819339, 4819339)
(4819347, 4819347)
(4819355, 4819355)
(4819640, 4819640)
(4819642, 4819642)
(4819648, 4819648)
(4819651, 4819651)
(4819664, 4819664)
(4819695, 4819695)
(4819703, 4819703)
(4819725, 4819725)
(4819731, 4819731)
(4819735, 4819735)
(4819738, 4819738)
(4819739, 4819739)
(4825437, 4825437)
(4828925, 4828925)
(4832890, 4486963)
(4832954, 4832954)
(4835966, 4835969)
(4836058, 4836061)
(4836059, 4836059)
(4838532, 4732067)
(4838608, 4732076)
(4838610, 4732089)
(4838614, 4732086)
(4840099, 4840100)
(4840219, 4811364)
(4843581, 4843581)
(4855712, 4855718)
(4855713, 4819134)
(4862198, 4862198)
(4863345, 4863345)
(4863358, 4855718)
(4868411, 4868411)
(4871786, 4871786)
(4875342, 4875342)
(4875411, 4875411)
(4875879, 4875879)
(4876194, 4793863)
(4876582, 4876582)
(4876584, 4876584)
(4876588, 4876588)
(4883898, 4883898)
(4921788, 4921788)
(4976243, 4976243)
(5002757, 4192154)
(5002851, 4753810)
(5002853, 4922763)
(5002855, 4733222)
(5002861, 4210521)
(5002862, 4210521)
(5002863, 4182554)
(5002865, 4210521)
(5002867, 4182554)
(5002868, 4210521)
(5002921, 4997057)
(5002925, 4997057)
(5008949, 4988833)
(5308603, 4440912)
(5510983, 4360421)
(5578295, 4913656)
(5584702, 4913656)
(5835829, 4844566)
(5836069, 4899282)
(5836092, 4432586)
(5836709, 4493067)
(5836756, 4800649)
(5001806, 4819134)
(5001807, 4819134)
(5001816, 4840100)
(5007566, 4919735)
(5008027, 4626978)
(5030338, 4976243)
(5053207, 4746845)
(5054299, 4656046)
(5054477, 4930045)
(5089223, 4808356)
(5150218, 4391779)
(5150232, 4391772)
(5150235, 4391755)
(5150238, 4391766)
(5290674, 4772642)
(5311159, 4627407)
(5313378, 4315988)
(5325282, 4389337)
(5334830, 4930045)
(5340218, 4772643)
(5345406, 4855718)
(5370429, 4598016)
(5381945, 4787139)
(5382005, 4796325)
(5446565, 4930045)
(5484885, 4306941)
(5486514, 4306993)
(5600874, 4280239)
(5619334, 4280239)
(5631681, 4280239)
(5631682, 4280239)
(5636958, 4772642)
(5636959, 4772642)
(5636961, 4772642)
(5637544, 4930045)
(5642610, 4280239)
(5663522, 4280239)
(5670447, 4280239)
(5670452, 4280239)
(5670455, 4280239)
(5670456, 4280239)
(5670458, 4280239)
(5710290, 4930045)
(5712101, 4772642)
(5724243, 4930045)
(5760598, 4628704)
(5784668, 4793863)
(5784670, 4793863)
(5784672, 4811360)
(5883414, 4930045)
(5947950, 4930045)
(5992189, 4291761)
(5001799, 4811364)
(5001802, 4819134)
(5001804, 4819134)
(5001810, 4855718)
(5012582, 4806033)
(5047883, 4814833)
(5053203, 4746845)
(5088628, 4746827)
(5150227, 4391773)
(5150241, 4391766)
(5340221, 4772642)
(5340222, 4772642)
(5381955, 4787149)
(5381956, 4796311)
(5381959, 4796348)
(5381961, 4796350)
(5381969, 4796335)
(5381985, 4787130)
(5382004, 4796324)
(5525249, 4772641)
(5550725, 4793073)
(5591878, 4930045)
(5600875, 4280239)
(5602200, 4280239)
(5602202, 4280239)
(5619333, 4280239)
(5619337, 4280239)
(5625517, 4463295)
(5636960, 4769560)
(5663521, 4280239)
(5664168, 4280239)
(5670461, 4280239)
(5675503, 4868562)
(5717846, 4571874)
(5718065, 4571443)
(5718072, 4571874)
(5718433, 4537115)
(5747143, 4772641)
(5760604, 4665422)
(5895746, 4642694)
(5001801, 4855718)
(5001808, 4819134)
(5035862, 4844198)
(5041990, 4765826)
(5053204, 4659976)
(5053206, 4746845)
(5076694, 4765826)
(5150224, 4391769)
(5150236, 4391757)
(5150237, 4391770)
(5184364, 4772642)
(5184366, 4772641)
(5203360, 4315988)
(5219183, 4772642)
(5272219, 4930045)
(5290678, 4772642)
(5290679, 4772642)
(5307554, 4930045)
(5339664, 4648953)
(5345407, 4855718)
(5375282, 4550925)
(5381946, 4796302)
(5381948, 4796304)
(5381958, 4796347)
(5381960, 4787192)
(5381962, 4787165)
(5381963, 4787167)
(5381964, 4796331)
(5381987, 4796294)
(5381993, 4787134)
(5382007, 4787162)
(5392615, 4930045)
(5432077, 4601761)
(5432079, 4643678)
(5437423, 4772642)
(5476443, 4976243)
(5492303, 4463295)
(5502491, 4930045)
(5600873, 4280239)
(5619325, 4280239)
(5642599, 4280239)
(5642605, 4280239)
(5642612, 4280239)
(5662678, 4280239)
(5664166, 4280239)
(5670095, 4280239)
(5670443, 4280239)
(5670454, 4280239)
(5712089, 4772641)
(5712091, 4772641)
(5712099, 4769560)
(5717118, 4571874)
(5717120, 4571874)
(5717845, 4571874)
(5718062, 4571874)
(5718064, 4571874)
(5753176, 4832745)
(5784671, 4793863)
(5001805, 4855718)
(5012581, 4806033)
(5036671, 4472067)
(5036676, 4772641)
(5041989, 4772641)
(5088693, 4920672)
(5149122, 4930045)
(5150221, 4391773)
(5150233, 4391770)
(5195865, 4811665)
(5218633, 4315988)
(5221787, 4417454)
(5340219, 4772642)
(5351677, 4307237)
(5381944, 4787138)
(5381965, 4787170)
(5381966, 4796333)
(5382002, 4796321)
(5382009, 4796355)
(5510238, 4787824)
(5521069, 4393935)
(5525259, 4772642)
(5619332, 4280239)
(5631679, 4280239)
(5631684, 4280239)
(5642600, 4280239)
(5642601, 4280239)
(5642606, 4280239)
(5677251, 4930045)
(5697294, 4808356)
(5712095, 4772641)
(5717114, 4571874)
(5717119, 4571443)
(5717848, 4571874)
(5718066, 4571874)
(5718074, 4571874)
(5815220, 4930045)
(5898038, 4930045)
(5992204, 4291761)
(5001800, 4811364)
(5034881, 4656046)
(5041988, 4772641)
(5048127, 4746827)
(5048554, 4920672)
(5076692, 4765826)
(5081408, 4412729)
(5083017, 4626978)
(5088691, 4920672)
(5150222, 4391762)
(5150223, 4391774)
(5150225, 4391762)
(5150229, 4391764)
(5219185, 4772643)
(5219187, 4769560)
(5236216, 4797654)
(5289786, 4930045)
(5381949, 4796305)
(5381971, 4796336)
(5381975, 4787178)
(5381981, 4796340)
(5381983, 4796341)
(5381998, 4796354)
(5437425, 4772642)
(5484880, 4306940)
(5525248, 4772642)
(5577600, 4306998)
(5600870, 4280239)
(5600876, 4280239)
(5619328, 4280239)
(5631675, 4280239)
(5631677, 4280239)
(5642598, 4280239)
(5642607, 4280239)
(5662683, 4280239)
(5670097, 4280239)
(5717844, 4571874)
(5717849, 4571874)
(5718432, 4537104)
(5747139, 4772641)
(5747141, 4772642)
(5760606, 4628710)
(5001809, 4855718)
(5001814, 4863345)
(5041974, 4772641)
(5041984, 4765826)
(5048480, 4626978)
(5088629, 4914749)
(5150217, 4391764)
(5150220, 4391764)
(5150228, 4391768)
(5159938, 4964335)
(5214512, 4930045)
(5219201, 4765826)
(5242158, 4930045)
(5252711, 4477960)
(5276442, 4307237)
(5290675, 4769560)
(5290677, 4772642)
(5326443, 4312387)
(5340220, 4772642)
(5364261, 4808356)
(5370431, 4598016)
(5381942, 4787186)
(5381947, 4787141)
(5381967, 4787172)
(5381973, 4796337)
(5381977, 4796344)
(5381989, 4796295)
(5381995, 4796298)
(5382001, 4796353)
(5382003, 4796323)
(5382006, 4796326)
(5382008, 4787164)
(5476408, 4345535)
(5484884, 4306945)
(5486536, 4930045)
(5551428, 4930045)
(5591590, 4772642)
(5600868, 4280239)
(5619323, 4280239)
(5631683, 4280239)
(5631686, 4280239)
(5642602, 4280239)
(5642603, 4280239)
(5642608, 4280239)
(5642609, 4280239)
(5662676, 4280239)
(5662677, 4280239)
(5662679, 4280239)
(5663252, 4280239)
(5712097, 4772641)
(5717113, 4571874)
(5717115, 4571874)
(5718068, 4571874)
(5718070, 4572002)
(5718071, 4571874)
(5850808, 4930045)
(5986736, 4930045)
(5001812, 4819134)
(5001813, 4863345)
(5001815, 4772643)
(5008442, 4920672)
(5008641, 4930045)
(5035839, 4787286)
(5041971, 4772641)
(5041987, 4772641)
(5053205, 4746845)
(5054298, 4656046)
(5083016, 4626978)
(5088692, 4920672)
(5150070, 4957371)
(5150216, 4391762)
(5150219, 4391758)
(5150231, 4391759)
(5150239, 4391783)
(5184363, 4765826)
(5184365, 4772642)
(5322694, 4930045)
(5345404, 4855718)
(5345405, 4855718)
(5381941, 4796299)
(5381950, 4796306)
(5381953, 4796309)
(5381991, 4796296)
(5437424, 4772642)
(5437427, 4772642)
(5550726, 4793073)
(5600872, 4280239)
(5602199, 4280239)
(5602201, 4280239)
(5619329, 4280239)
(5619338, 4280239)
(5619340, 4280239)
(5631688, 4280239)
(5657246, 4305490)
(5662682, 4280239)
(5670096, 4280239)
(5712090, 4772642)
(5716971, 4306992)
(5718063, 4571443)
(5718069, 4571874)
(5718077, 4571874)
(5784669, 4811360)
(5798472, 4306994)
(5812525, 4930045)
(5866204, 4930045)
(5001803, 4819134)
(5001811, 4819134)
(5002605, 4914749)
(5013213, 4814833)
(5034903, 4656046)
(5053208, 4746845)
(5076693, 4772642)
(5082757, 4307237)
(5144455, 4808356)
(5150230, 4391774)
(5150234, 4391774)
(5150240, 4391760)
(5295752, 4957371)
(5345403, 4855718)
(5381951, 4796307)
(5381952, 4796308)
(5381954, 4796346)
(5381957, 4796312)
(5381979, 4787179)
(5381999, 4796351)
(5382000, 4796352)
(5519740, 4121329)
(5525247, 4772642)
(5591589, 4772642)
(5591593, 4772642)
(5600869, 4280239)
(5600879, 4280239)
(5619324, 4280239)
(5619327, 4280239)
(5619335, 4280239)
(5631676, 4280239)
(5631678, 4280239)
(5631685, 4280239)
(5631687, 4280239)
(5641281, 4219526)
(5662684, 4280239)
(5662685, 4280239)
(5670444, 4280239)
(5670453, 4280239)
(5681288, 4797654)
(5717116, 4571874)
(5717117, 4571874)
(5717850, 4571874)
(5718073, 4571874)
(5718076, 4571874)
(5718178, 4573444)